HMMER3/f [3.1b2 | February 2015]
NAME  top_6_aligned
LENG  94
ALPH  amino
RF    no
MM    no
CONS  yes
CS    no
MAP   yes
DATE  Wed Jul 13 13:13:37 2022
NSEQ  4280
EFFN  20.486183
CKSUM 2191144503
STATS LOCAL MSV       -9.1704  0.71836
STATS LOCAL VITERBI  -10.5764  0.71836
STATS LOCAL FORWARD   -3.4064  0.71836
HMM          A        C        D        E        F        G        H        I        K        L        M        N        P        Q        R        S        T        V        W        Y   
            m->m     m->i     m->d     i->m     i->i     d->m     d->d
  COMPO   2.54907  4.04267  2.74753  2.69336  3.30568  2.51871  3.69810  2.92616  2.75719  2.47456  3.94644  3.04296  3.10145  3.15078  2.96642  2.63480  2.95540  2.76183  4.72326  3.60766
          2.68632  4.42280  2.77504  2.72804  3.44833  2.41265  3.72311  3.29645  2.67403  2.68405  4.23911  2.90309  2.74441  3.18490  2.88925  2.38615  2.78328  2.98648  4.57565  3.60374
          0.44721  1.02283  6.89738  2.85361  0.05936  0.00000        *
      1   2.95014  5.21221  4.22671  4.02433  3.23338  4.98891  4.77574  1.60783  2.49893  2.17283  4.21140  4.13168  3.34654  4.47968  3.27329  3.64852  3.78037  1.35401  6.00720  3.38411     25 v - - -
          2.68618  4.42225  2.77519  2.73123  3.46354  2.40513  3.72494  3.29354  2.67741  2.69355  4.24690  2.90347  2.73739  3.18146  2.89801  2.37887  2.77519  2.98518  4.58477  3.61503
          0.09099  6.64205  2.45723  0.61958  0.77255  0.49125  0.94640
      2   3.11477  3.92659  4.03310  2.37270  4.09100  3.89247  3.96718  2.75342  3.37703  0.87651  3.78177  3.28009  5.09145  4.66664  3.33560  3.99241  3.70517  2.75692  3.84941  4.17130     26 l - - -
          2.68288  4.41799  2.77708  2.72996  3.46566  2.40883  3.73268  3.28479  2.67454  2.68525  4.24876  2.90067  2.74156  3.18732  2.89780  2.38274  2.77779  2.98214  4.58736  3.61417
          0.51304  0.91470  7.27553  2.40860  0.09425  0.19535  1.72903
      3   4.09345  5.68466  0.52447  1.52641  5.92509  4.66947  4.94616  5.15453  3.80879  4.29839  5.48466  4.08143  5.24454  4.13996  4.33055  3.66325  4.34111  4.69885  7.04870  5.11581     71 D - - -
          2.68618  4.42225  2.77519  2.73123  3.46354  2.40513  3.72494  3.29354  2.67741  2.69355  4.24690  2.90347  2.73739  3.18146  2.89801  2.37887  2.77519  2.98518  4.58477  3.61503
          0.00194  6.64151  7.36385  0.61958  0.77255  0.48627  0.95430
      4   2.49788  4.52284  5.96382  5.32122  2.52351  5.08282  5.50255  1.63492  5.17512  1.50436  3.35951  4.89251  4.54412  5.25973  5.17774  4.16768  4.11837  1.44445  5.86782  2.95648     72 v - - -
          2.68618  4.42225  2.77519  2.73123  3.46354  2.40513  3.72494  3.29354  2.67741  2.69355  4.24690  2.90347  2.73739  3.18146  2.89801  2.37887  2.77519  2.98518  4.58477  3.61503
          0.00194  6.64205  7.36440  0.61958  0.77255  0.49125  0.94640
      5   2.35770  3.89520  5.98768  5.20691  4.81347  0.28518  5.84991  4.58400  5.35375  4.27784  4.92881  5.48009  5.42316  5.34381  5.49508  3.75934  4.11383  4.32094  5.57127  5.54732     73 G - - -
          2.68618  4.42225  2.77519  2.73123  3.46354  2.40513  3.72494  3.29354  2.67741  2.69355  4.24690  2.90347  2.73739  3.18146  2.89801  2.37887  2.77519  2.98518  4.58477  3.61503
          0.00194  6.64205  7.36440  0.61958  0.77255  0.48235  0.96058
      6   2.36924  0.67634  5.35930  4.50092  4.21884  3.16902  5.35213  3.87689  4.72577  3.66588  4.21307  5.01388  3.97200  4.57834  4.88672  2.93086  2.22072  3.38702  6.11069  4.65615     74 C - - -
          2.68618  4.42225  2.77519  2.73123  3.46354  2.40513  3.72494  3.29354  2.67741  2.69355  4.24690  2.90347  2.73739  3.18146  2.89801  2.37887  2.77519  2.98518  4.58477  3.61503
          0.00709  6.64243  5.15617  0.61958  0.77255  0.48576  0.95510
      7   3.37034  5.93230  3.60213  3.85834  5.76582  0.33870  4.66711  5.32565  3.94929  4.81666  5.59100  2.79009  5.20906  4.29263  4.04933  3.55961  4.33851  4.82067  7.04426  5.30024     75 G - - -
          2.68618  4.42225  2.77519  2.73123  3.46354  2.40513  3.72494  3.29354  2.67741  2.69355  4.24690  2.90347  2.73739  3.18146  2.89801  2.37887  2.77519  2.98518  4.58477  3.61503
          0.00595  6.63729  5.37683  0.61958  0.77255  0.55786  0.84964
      8   2.94493  5.53987  2.59350  3.06328  4.58589  2.71522  4.07162  3.29611  2.74882  3.88776  4.97611  2.76671  2.96777  3.61037  3.25934  2.43380  1.44367  2.77973  4.78095  3.64317     76 t - - -
          2.68618  4.42225  2.77519  2.73123  3.46354  2.40513  3.72494  3.29354  2.67741  2.69355  4.24690  2.90347  2.73739  3.18146  2.89801  2.37887  2.77519  2.98518  4.58477  3.61503
          0.00276  6.63329  6.54368  0.61958  0.77255  0.61023  0.78356
      9   3.21786  4.85632  5.11378  4.82473  6.38555  0.17981  3.84996  5.81325  5.42090  5.08597  6.31452  5.35459  5.82471  5.66394  5.57008  3.48555  4.51805  5.15583  7.74725  6.41762     77 G - - -
          2.68618  4.42225  2.77519  2.73123  3.46354  2.40513  3.72494  3.29354  2.67741  2.69355  4.24690  2.90347  2.73739  3.18146  2.89801  2.37887  2.77519  2.98518  4.58477  3.61503
          0.00437  6.63249  5.79515  0.61958  0.77255  0.62038  0.77162
     10   2.70366  5.72585  3.22044  2.71516  3.65483  3.32524  2.93312  2.24725  2.94952  2.93499  4.56665  2.71997  3.72543  3.44813  1.98926  2.53886  3.01548  2.96891  4.82129  3.19340     78 r - - -
          2.68618  4.42225  2.77519  2.73123  3.46354  2.40513  3.72494  3.29354  2.67741  2.69355  4.24690  2.90347  2.73739  3.18146  2.89801  2.37887  2.77519  2.98518  4.58477  3.61503
          0.04433  6.63009  3.16903  0.61958  0.77255  0.65023  0.73798
     11   2.94634  4.95045  3.26634  4.03554  2.35270  3.96820  3.76938  2.38948  3.73424  1.35086  3.34479  2.95729  3.45871  4.24288  4.48000  3.51283  2.91765  2.87239  2.84108  3.51668     79 l - - -
          2.68714  4.42051  2.77755  2.73218  3.46109  2.40430  3.72814  3.28996  2.68010  2.69128  4.23505  2.90534  2.73696  3.18398  2.89415  2.37911  2.77727  2.98595  4.58131  3.61397
          0.14699  1.99487  7.31015  2.46911  0.08846  0.39612  1.11758
     12   1.72043  2.89324  4.55910  4.19527  3.69815  3.23496  5.02065  3.25832  4.15552  2.01008  3.60142  4.14952  4.39604  4.89921  4.71534  2.10846  1.58649  2.83104  4.26336  4.57078    119 t - - -
          2.68618  4.42225  2.77519  2.73123  3.46354  2.40513  3.72494  3.29354  2.67741  2.69355  4.24690  2.90347  2.73739  3.18146  2.89801  2.37887  2.77519  2.98518  4.58477  3.61503
          0.00197  6.62891  7.35126  0.61958  0.77255  0.59204  0.80564
     13   2.31855  4.09218  3.19469  2.48132  3.04364  3.99559  3.45828  2.76264  2.80841  1.75937  3.74751  3.09035  4.32098  3.37839  2.46214  2.97302  3.31536  3.03926  4.88160  3.79338    120 l - - -
          2.68618  4.42225  2.77519  2.73123  3.46354  2.40513  3.72494  3.29354  2.67741  2.69355  4.24690  2.90347  2.73739  3.18146  2.89801  2.37887  2.77519  2.98518  4.58477  3.61503
          0.00196  6.63212  7.35447  0.61958  0.77255  0.59794  0.79838
     14   2.43692  5.19937  3.41350  2.19477  3.52295  3.02415  3.44618  3.72943  2.66437  2.23612  3.22433  3.44349  2.78605  2.73601  2.98944  3.31544  3.50137  2.91284  4.16002  2.69869    121 e - - -
          2.68618  4.42225  2.77519  2.73123  3.46354  2.40513  3.72494  3.29354  2.67741  2.69355  4.24690  2.90347  2.73739  3.18146  2.89801  2.37887  2.77519  2.98518  4.58477  3.61503
          0.00196  6.63329  7.35564  0.61958  0.77255  0.52630  0.89351
     15   2.59303  3.06257  5.61446  3.97388  2.85038  4.99915  5.22242  1.99392  3.80935  1.04416  2.47922  4.87808  5.29391  4.99906  4.64051  4.04874  4.05687  2.45451  4.86723  3.36579    122 l - - -
          2.68618  4.42225  2.77519  2.73123  3.46354  2.40513  3.72494  3.29354  2.67741  2.69355  4.24690  2.90347  2.73739  3.18146  2.89801  2.37887  2.77519  2.98518  4.58477  3.61503
          0.00198  6.63702  7.31279  0.61958  0.77255  0.55515  0.85328
     16   1.22330  4.99478  3.18659  3.56052  2.78467  3.35235  4.05142  2.93772  3.11288  2.30960  3.95921  3.47132  4.63009  3.50155  2.41664  3.05775  3.77545  3.26160  6.03792  3.56093    123 a - - -
          2.68618  4.42225  2.77519  2.73123  3.46354  2.40513  3.72494  3.29354  2.67741  2.69355  4.24690  2.90347  2.73739  3.18146  2.89801  2.37887  2.77519  2.98518  4.58477  3.61503
          0.00198  6.63726  7.31440  0.61958  0.77255  0.45425  1.00765
     17   2.43182  5.72766  2.62093  1.97300  4.33673  3.58785  3.88946  3.25724  1.84660  3.68896  4.59087  2.73248  3.38965  2.75045  2.37779  2.40296  3.45147  4.41055  6.16611  4.36904    124 k - - -
          2.68618  4.42241  2.77531  2.73132  3.46328  2.40522  3.72473  3.29369  2.67746  2.69328  4.24678  2.90362  2.73754  3.18144  2.89773  2.37890  2.77534  2.98509  4.58462  3.61472
          0.08324  3.17389  3.26937  1.04530  0.43323  0.49392  0.94220
     18   2.33865  5.63131  3.31174  2.26641  4.13935  3.12980  3.42262  3.17122  1.98508  2.75240  3.75531  2.67503  3.75570  2.70327  2.40286  2.92448  3.13125  4.02900  5.35049  3.46038    132 k - - -
          2.68714  4.41689  2.77430  2.73286  3.45991  2.40512  3.72774  3.28874  2.67891  2.69408  4.24981  2.90285  2.73812  3.18343  2.89390  2.37958  2.77818  2.98342  4.58389  3.61397
          0.32507  1.51574  2.84942  1.90845  0.16053  0.69136  0.69494
     19   2.98571  3.61290  3.71002  3.40961  3.11243  1.85063  4.21425  2.96778  3.21030  2.31319  4.36273  2.94112  3.94366  3.53247  3.44394  2.90375  2.91524  2.18162  4.71267  2.51423    157 g - - -
          2.68664  4.42093  2.77465  2.73165  3.46158  2.40551  3.72453  3.29485  2.67705  2.69437  4.24779  2.90391  2.73333  3.18118  2.89911  2.37974  2.77524  2.98499  4.58639  3.61624
          0.79718  0.60045  7.08747  0.46855  0.98325  0.19350  1.73768
     20   2.38940  4.27049  2.69378  2.42119  2.94107  2.32979  2.81547  3.95582  2.63587  3.35577  4.44333  2.90035  3.13968  2.70290  3.04244  2.49881  3.36908  3.54774  5.14647  3.64142    165 g - - -
          2.68618  4.42225  2.77519  2.73123  3.46354  2.40513  3.72494  3.29354  2.67741  2.69355  4.24690  2.90347  2.73739  3.18146  2.89801  2.37887  2.77519  2.98518  4.58477  3.61503
          0.00218  6.64223  7.04473  0.61958  0.77255  0.48397  0.95798
     21   2.28509  4.42349  3.08351  2.56859  3.62873  2.66383  3.65322  2.64978  2.28963  3.05759  4.87403  2.89379  4.17332  2.81511  2.80754  2.40542  3.02738  3.27783  4.99724  3.19680    166 a - - -
          2.68618  4.42225  2.77519  2.73123  3.46354  2.40513  3.72494  3.29354  2.67741  2.69355  4.24690  2.90347  2.73739  3.18146  2.89801  2.37887  2.77519  2.98518  4.58477  3.61503
          0.00194  6.64219  7.36454  0.61958  0.77255  0.48360  0.95857
     22   3.07153  4.90266  3.00736  2.37472  3.66084  3.32844  3.80927  2.47828  2.60736  2.98558  4.14747  2.61817  4.45787  2.61720  2.99026  3.27362  2.94089  1.86284  4.15355  3.62411    167 v - - -
          2.68618  4.42225  2.77519  2.73123  3.46354  2.40513  3.72494  3.29354  2.67741  2.69355  4.24690  2.90347  2.73739  3.18146  2.89801  2.37887  2.77519  2.98518  4.58477  3.61503
          0.00410  6.64243  5.88270  0.61958  0.77255  0.48576  0.95510
     23   2.88254  4.32826  3.94559  3.50547  3.39041  3.73846  3.48309  1.57301  4.10899  2.48076  4.18132  3.49949  4.73875  4.57665  3.48276  3.70326  2.31283  1.52940  5.05705  3.12774    168 v - - -
          2.68618  4.42225  2.77519  2.73123  3.46354  2.40513  3.72494  3.29354  2.67741  2.69355  4.24690  2.90347  2.73739  3.18146  2.89801  2.37887  2.77519  2.98518  4.58477  3.61503
          0.00362  6.64027  6.07365  0.61958  0.77255  0.51667  0.90759
     24   2.15918  4.22333  4.30457  2.59303  3.31767  1.61214  4.26831  2.36062  4.48564  2.48110  3.93571  4.69946  5.31222  4.32896  4.03034  3.09263  2.69009  2.18420  4.82996  3.11632    169 g - - -
          2.68618  4.42225  2.77519  2.73123  3.46354  2.40513  3.72494  3.29354  2.67741  2.69355  4.24690  2.90347  2.73739  3.18146  2.89801  2.37887  2.77519  2.98518  4.58477  3.61503
          0.00215  6.63860  7.07963  0.61958  0.77255  0.53992  0.87418
     25   2.54091  4.06126  3.21872  4.56077  3.67332  1.38435  4.65567  1.96032  4.55915  2.22089  3.13965  3.86797  4.95074  4.92661  4.85639  3.11922  3.23936  2.14011  5.32385  4.12697    170 g - - -
          2.68618  4.42225  2.77519  2.73123  3.46354  2.40513  3.72494  3.29354  2.67741  2.69355  4.24690  2.90347  2.73739  3.18146  2.89801  2.37887  2.77519  2.98518  4.58477  3.61503
          0.00484  6.63840  5.64839  0.61958  0.77255  0.54275  0.87023
     26   2.99050  3.90497  1.31937  3.22470  2.92290  3.68004  5.23916  1.80267  4.63556  2.42112  4.12621  3.85874  4.90260  4.97139  4.48140  3.86074  3.58268  2.00651  5.99085  3.64545    171 d - - -
          2.68618  4.42225  2.77519  2.73123  3.46354  2.40513  3.72494  3.29354  2.67741  2.69355  4.24690  2.90347  2.73739  3.18146  2.89801  2.37887  2.77519  2.98518  4.58477  3.61503
          0.00309  6.63551  6.33535  0.61958  0.77255  0.58157  0.81875
     27   3.19061  5.22063  1.11442  3.15627  3.88092  3.50395  4.79923  2.34022  3.61989  2.72451  4.03842  3.26435  3.25702  3.43621  3.31777  2.78428  2.95270  3.40690  6.33570  3.75145    172 d - - -
          2.68618  4.42225  2.77519  2.73123  3.46354  2.40513  3.72494  3.29354  2.67741  2.69355  4.24690  2.90347  2.73739  3.18146  2.89801  2.37887  2.77519  2.98518  4.58477  3.61503
          0.02476  6.63437  3.76608  0.61958  0.77255  0.59639  0.80028
     28   2.93190  4.53816  2.46653  2.93549  3.35994  3.76641  3.48388  2.43839  2.91993  2.47988  4.22016  3.14963  3.20848  3.78665  3.72834  1.67486  3.29135  2.41775  6.01095  3.74328    173 s - - -
          2.68618  4.42225  2.77519  2.73123  3.46354  2.40513  3.72494  3.29354  2.67741  2.69355  4.24690  2.90347  2.73739  3.18146  2.89801  2.37887  2.77519  2.98518  4.58477  3.61503
          0.11484  6.61161  2.23356  0.61958  0.77255  0.85198  0.55612
     29   2.53575  4.85938  2.46744  2.55619  2.68200  3.90592  4.45243  3.98642  2.83189  3.74360  4.39717  3.07126  2.55883  2.76200  3.25680  1.64617  3.28063  2.84436  5.98111  3.88874    174 s - - -
          2.68743  4.42056  2.77422  2.73226  3.46052  2.40748  3.72602  3.28604  2.67578  2.69370  4.24387  2.90046  2.73968  3.18425  2.89584  2.38003  2.77719  2.98496  4.58504  3.61527
          0.86780  1.35545  1.13228  2.03593  0.13991  1.56654  0.23416
     30   2.34571  5.50926  2.59167  2.00612  5.02456  3.49711  3.42294  3.53259  2.79895  3.29378  4.26818  3.52881  2.24002  2.81197  3.17794  2.30946  3.06759  3.98685  3.98043  2.82298    204 e - - -
          2.68618  4.42225  2.77519  2.73123  3.46354  2.40513  3.72494  3.29354  2.67741  2.69355  4.24690  2.90347  2.73739  3.18146  2.89801  2.37887  2.77519  2.98518  4.58477  3.61503
          0.00330  6.11104  6.83338  0.61958  0.77255  0.18381  1.78433
     31   2.30542  4.39318  2.48667  1.88096  3.49731  2.89557  3.63674  4.07253  2.39516  3.70963  4.20761  2.63210  3.32084  2.84799  2.85451  2.45816  3.28797  3.53095  6.48874  4.16481    205 e - - -
          2.68618  4.42225  2.77519  2.73123  3.46354  2.40513  3.72494  3.29354  2.67741  2.69355  4.24690  2.90347  2.73739  3.18146  2.89801  2.37887  2.77519  2.98518  4.58477  3.61503
          0.00205  6.58657  7.30891  0.61958  0.77255  0.53734  0.87780
     32   1.90476  4.74687  3.41943  3.57837  3.33080  3.79263  4.52059  3.58971  3.20091  1.93820  1.68271  3.24008  3.22751  3.28651  4.01149  2.54239  3.57097  2.88045  6.09697  4.20034    206 m - - -
          2.68618  4.42225  2.77519  2.73123  3.46354  2.40513  3.72494  3.29354  2.67741  2.69355  4.24690  2.90347  2.73739  3.18146  2.89801  2.37887  2.77519  2.98518  4.58477  3.61503
          0.00199  6.61741  7.33976  0.61958  0.77255  0.44912  1.01663
     33   3.04381  4.86095  5.04660  3.81891  4.08610  4.88416  3.89505  1.43575  4.38301  1.28918  3.63291  3.92126  3.99892  4.12059  3.89106  3.84524  3.24289  1.78085  5.20354  4.61390    207 l - - -
          2.68618  4.42225  2.77519  2.73123  3.46354  2.40513  3.72494  3.29354  2.67741  2.69355  4.24690  2.90347  2.73739  3.18146  2.89801  2.37887  2.77519  2.98518  4.58477  3.61503
          0.00195  6.63504  7.35739  0.61958  0.77255  0.52105  0.90115
     34   2.22779  4.94617  2.35479  1.53289  5.02882  3.27652  4.35278  3.71330  2.42555  3.09375  4.66303  2.98109  3.31801  2.30994  2.89516  2.97908  3.59593  3.92632  6.00084  4.88760    208 e - - -
          2.68618  4.42225  2.77519  2.73123  3.46354  2.40513  3.72494  3.29354  2.67741  2.69355  4.24690  2.90347  2.73739  3.18146  2.89801  2.37887  2.77519  2.98518  4.58477  3.61503
          0.00199  6.63797  7.29363  0.61958  0.77255  0.53852  0.87613
     35   2.69577  4.53071  3.15004  2.77670  3.71462  3.61124  3.94304  2.30742  2.09450  2.24705  4.56942  3.67330  3.43236  2.83851  2.44862  2.83759  3.46599  2.45107  4.99557  3.82865    209 k - - -
          2.68618  4.42225  2.77519  2.73123  3.46354  2.40513  3.72494  3.29354  2.67741  2.69355  4.24690  2.90347  2.73739  3.18146  2.89801  2.37887  2.77519  2.98518  4.58477  3.61503
          0.00195  6.63835  7.36070  0.61958  0.77255  0.53746  0.87762
     36   0.90613  4.00599  3.15988  2.70201  4.12484  3.58685  4.34886  3.77506  3.09458  2.74279  4.35641  3.59076  4.45691  3.33169  3.42963  2.80385  3.10938  3.29128  5.68182  4.35325    210 a - - -
          2.68618  4.42225  2.77519  2.73123  3.46354  2.40513  3.72494  3.29354  2.67741  2.69355  4.24690  2.90347  2.73739  3.18146  2.89801  2.37887  2.77519  2.98518  4.58477  3.61503
          0.00195  6.63860  7.36095  0.61958  0.77255  0.50125  0.93083
     37   2.50514  3.65827  3.55470  2.14237  4.94144  4.02896  4.12258  3.79461  2.06998  3.20018  4.88409  3.40026  4.55281  2.29868  1.51883  2.86864  2.87245  3.79470  6.13344  4.93441    211 r - - -
          2.68618  4.42225  2.77519  2.73123  3.46354  2.40513  3.72494  3.29354  2.67741  2.69355  4.24690  2.90347  2.73739  3.18146  2.89801  2.37887  2.77519  2.98518  4.58477  3.61503
          0.00194  6.64027  7.36262  0.61958  0.77255  0.46691  0.98601
     38   2.18549  5.33517  3.32069  1.88634  4.54596  3.55476  4.11521  3.92336  2.24933  3.44111  4.79628  3.09345  3.81583  2.36038  2.01503  2.44398  3.27230  3.19718  6.24586  4.47980    212 e - - -
          2.68618  4.42225  2.77519  2.73123  3.46354  2.40513  3.72494  3.29354  2.67741  2.69355  4.24690  2.90347  2.73739  3.18146  2.89801  2.37887  2.77519  2.98518  4.58477  3.61503
          0.00197  6.64243  7.31954  0.61958  0.77255  0.48576  0.95510
     39   2.66443  5.72313  3.08094  2.98671  4.50042  3.75564  3.63489  3.56066  1.87677  2.83719  4.72785  2.15438  3.08295  2.84109  1.81816  3.35716  3.05295  3.54803  4.74532  3.96893    213 r - - -
          2.68618  4.42225  2.77519  2.73123  3.46354  2.40513  3.72494  3.29354  2.67741  2.69355  4.24690  2.90347  2.73739  3.18146  2.89801  2.37887  2.77519  2.98518  4.58477  3.61503
          0.00227  6.64240  6.94569  0.61958  0.77255  0.48619  0.95442
     40   2.01343  3.14230  3.72535  3.21094  2.81390  3.47348  3.60291  2.76509  3.26978  1.85685  4.30211  2.95565  2.97028  2.78554  2.99050  3.08547  3.47719  3.05429  5.05027  3.70938    214 l - - -
          2.68621  4.42233  2.77527  2.73127  3.46360  2.40516  3.72496  3.29360  2.67742  2.69362  4.24698  2.90354  2.73747  3.18147  2.89795  2.37893  2.77526  2.98526  4.58480  3.61329
          0.25436  3.22535  1.68824  0.12805  2.11871  0.49023  0.94800
     41   2.28629  4.52470  3.15703  1.96124  4.87612  3.15173  4.07365  4.28903  1.84110  3.55682  5.03072  3.25002  3.14031  1.99456  2.53199  2.71116  3.33820  3.87137  6.15786  4.97392    216 k - - -
          2.68639  4.42323  2.77464  2.73134  3.46429  2.40557  3.72394  3.29344  2.67768  2.69247  4.24782  2.90425  2.73762  3.18232  2.89736  2.37887  2.77554  2.98523  4.57736  3.61501
          0.09222  2.44282  6.74310  2.00638  0.14442  0.99719  0.46032
     42   2.65468  4.98658  2.65301  2.40165  4.32051  3.11619  3.03635  3.72569  1.99980  3.38507  5.00166  3.05619  3.27921  3.03484  2.72558  2.00108  3.35854  2.78794  5.51098  3.80445    236 k - - -
          2.68617  4.42248  2.77485  2.73086  3.46259  2.40520  3.72515  3.29366  2.67759  2.69352  4.24683  2.90345  2.73763  3.18085  2.89818  2.37914  2.77531  2.98539  4.58498  3.61511
          0.17736  2.77971  2.29793  1.06609  0.42213  1.39324  0.28538
     43   2.10163  5.17709  3.14832  2.07352  3.72364  3.24577  3.32461  3.69079  2.71179  2.41028  3.69610  2.74424  3.89818  2.44630  2.95130  2.46318  3.38002  3.45419  5.32914  3.95038    245 e - - -
          2.68539  4.41777  2.77397  2.72932  3.46193  2.40572  3.72229  3.29387  2.67885  2.69140  4.24923  2.89820  2.73957  3.18374  2.89877  2.37988  2.77753  2.98728  4.58666  3.61568
          0.30438  1.86159  2.23500  2.24502  0.11197  1.50330  0.25154
     44   2.70005  5.85133  2.96071  2.85685  3.62364  1.34753  4.03312  3.91275  2.36535  3.27825  4.78685  2.46482  3.19992  3.29096  3.10201  3.05821  3.16744  3.92747  5.34792  3.35327    269 g - - -
          2.68645  4.42736  2.77872  2.72766  3.46509  2.40706  3.71805  3.29364  2.67828  2.69555  4.23895  2.88960  2.73642  3.18134  2.90086  2.37994  2.77872  2.98842  4.58884  3.61297
          0.30885  1.96206  2.07832  3.14403  0.04407  1.18363  0.36552
     45   2.71168  4.60981  3.32543  2.63844  2.76919  3.53438  3.98746  2.30412  3.00931  2.27918  4.06366  2.54259  2.53873  3.57781  3.52630  2.98784  3.34715  2.51786  4.86882  3.03335    322 l - - -
          2.68652  4.42281  2.77399  2.73031  3.46336  2.40521  3.72531  3.29372  2.67715  2.69365  4.24728  2.90399  2.73776  3.18165  2.89817  2.37825  2.77578  2.98570  4.58455  3.61575
          0.37731  1.18372  4.80884  0.73865  0.64963  0.39439  1.12113
     46   2.82613  5.63284  3.08840  2.61061  3.63217  3.23815  3.74269  4.27433  2.20935  3.99844  4.87569  1.51111  3.47122  2.68868  2.28541  2.47477  3.13052  4.06630  6.06501  4.57813    334 n - - -
          2.68679  4.42287  2.77537  2.73147  3.46297  2.40564  3.72549  3.29415  2.67725  2.69394  4.24759  2.90168  2.73779  3.17592  2.89819  2.37947  2.77581  2.98581  4.58540  3.61482
          0.17489  1.84845  5.81801  0.92047  0.50805  0.27891  1.41307
     47   2.28192  3.93187  3.21519  4.40748  3.18599  3.97438  4.37219  1.93332  3.75675  2.02448  3.68578  3.66414  4.17535  3.03795  3.91570  3.72381  3.64150  1.44364  4.22133  4.01212    339 v - - -
          2.68618  4.42225  2.77519  2.73123  3.46354  2.40513  3.72494  3.29354  2.67741  2.69355  4.24690  2.90347  2.73739  3.18146  2.89801  2.37887  2.77519  2.98518  4.58477  3.61503
          0.01329  6.62571  4.43311  0.61958  0.77255  0.70214  0.68423
     48   2.89823  5.28972  2.87573  1.89295  4.32398  3.84331  3.01750  3.61665  2.39126  3.61407  5.13987  2.67800  4.19356  2.58506  1.81775  2.87581  2.54484  3.62260  5.55072  4.50756    340 r - - -
          2.68618  4.42225  2.77519  2.73123  3.46354  2.40513  3.72494  3.29354  2.67741  2.69355  4.24690  2.90347  2.73739  3.18146  2.89801  2.37887  2.77519  2.98518  4.58477  3.61503
          0.01557  6.61442  4.26073  0.61958  0.77255  0.82406  0.57741
     49   2.82073  3.99832  5.01994  4.06053  1.18887  3.96093  3.60045  2.89310  4.32454  2.34959  4.22810  4.73181  4.37282  4.03548  4.42343  3.88311  3.24851  2.41286  3.83834  1.91671    341 f - - -
          2.68697  4.41182  2.77597  2.73085  3.46289  2.40500  3.72341  3.29404  2.67611  2.69350  4.24348  2.90452  2.73834  3.18202  2.89885  2.37990  2.77609  2.98280  4.58496  3.61567
          0.23200  1.66503  4.02455  1.04645  0.43260  0.95156  0.48799
     50   2.53784  4.41810  3.83426  2.70303  2.96705  3.47650  3.12045  2.41450  2.46790  2.27503  4.20079  3.45833  5.07625  3.13156  2.56203  3.41271  3.56090  2.40594  3.89081  2.64047    351 l - - -
          2.68618  4.42225  2.77519  2.73123  3.46354  2.40513  3.72494  3.29354  2.67741  2.69355  4.24690  2.90347  2.73739  3.18146  2.89801  2.37887  2.77519  2.98518  4.58477  3.61503
          0.00206  6.58350  7.30585  0.61958  0.77255  0.59357  0.80375
     51   2.33171  3.60663  3.57688  2.60324  4.33731  4.36709  2.79293  2.42805  2.88262  2.74973  4.86322  2.69834  3.64660  2.22150  3.14096  3.27297  3.48910  1.99663  5.03763  4.19475    352 v - - -
          2.68618  4.42225  2.77519  2.73123  3.46354  2.40513  3.72494  3.29354  2.67741  2.69355  4.24690  2.90347  2.73739  3.18146  2.89801  2.37887  2.77519  2.98518  4.58477  3.61503
          0.00200  6.61204  7.33439  0.61958  0.77255  0.60820  0.78598
     52   1.92832  2.99460  2.57755  2.81497  4.95422  1.87992  3.98105  4.17617  2.60148  3.03418  3.32265  3.51845  4.54012  2.92264  3.61062  2.42811  3.02399  3.10459  5.16040  4.81181    353 g - - -
          2.68618  4.42225  2.77519  2.73123  3.46354  2.40513  3.72494  3.29354  2.67741  2.69355  4.24690  2.90347  2.73739  3.18146  2.89801  2.37887  2.77519  2.98518  4.58477  3.61503
          0.00198  6.62375  7.34610  0.61958  0.77255  0.64019  0.74907
     53   3.24712  5.95851  0.66579  2.57393  4.77439  3.99646  4.35493  4.51470  3.35819  4.12649  5.07710  2.74540  3.61627  3.74472  3.58933  2.75203  3.55351  4.22020  6.67844  4.61561    354 D - - -
          2.68621  4.42226  2.77526  2.73127  3.46360  2.40514  3.72501  3.29359  2.67742  2.69360  4.24692  2.90351  2.73746  3.18144  2.89790  2.37855  2.77525  2.98525  4.58483  3.61509
          0.04353  3.45585  4.50689  0.15566  1.93692  0.64136  0.74776
     54   1.81200  3.61213  4.50609  3.38044  3.27771  3.32084  4.57471  1.48194  3.21679  2.07515  2.90519  4.85905  4.65847  4.07941  4.50060  3.65755  3.77629  2.37248  3.54097  4.09199    356 i - - -
          2.68617  4.42278  2.77496  2.73041  3.46366  2.40575  3.72586  3.29367  2.67796  2.69214  4.24780  2.90331  2.73698  3.18104  2.89888  2.37917  2.77570  2.98484  4.58534  3.61412
          0.19464  1.85228  3.91256  1.13566  0.38744  0.77832  0.61466
     55   2.78897  4.60353  3.25672  1.71636  3.12363  3.44524  3.67836  4.25905  2.99734  2.92839  3.52406  3.58940  4.07227  2.55377  2.72488  2.29953  2.12121  4.11650  5.23031  3.43436    372 e - - -
          2.68618  4.42225  2.77519  2.73123  3.46354  2.40513  3.72494  3.29354  2.67741  2.69355  4.24690  2.90347  2.73739  3.18146  2.89801  2.37887  2.77519  2.98518  4.58477  3.61503
          0.00202  6.59930  7.32165  0.61958  0.77255  0.55791  0.84958
     56   2.65342  5.52070  1.84015  1.98035  4.90493  3.44975  3.48731  4.51867  2.18758  3.33731  5.10983  2.82904  3.85125  2.60846  3.11899  2.69047  2.43103  3.91664  6.09195  4.00473    373 d - - -
          2.68617  4.42231  2.77510  2.73090  3.46368  2.40535  3.72513  3.29361  2.67757  2.69335  4.24707  2.90367  2.73667  3.18161  2.89810  2.37902  2.77529  2.98513  4.58419  3.61527
          0.18621  2.54221  2.39461  0.67474  0.71190  0.73493  0.65304
     57   3.15218  3.77092  3.84835  3.03551  2.69246  4.75459  5.02536  2.14290  3.82311  1.13395  3.44577  3.43229  3.13887  3.14895  4.61119  3.90254  3.36695  2.72417  4.00440  3.81063    381 l - - -
          2.68665  4.42286  2.77570  2.73127  3.46413  2.40548  3.72527  3.29412  2.67657  2.69373  4.24748  2.90412  2.73776  3.18187  2.89693  2.37799  2.77405  2.98583  4.58173  3.61566
          0.21682  1.85808  3.24533  0.85887  0.55102  0.68950  0.69681
     58   2.63420  5.71649  2.71066  2.63887  4.57415  3.33909  4.28812  4.50859  2.47114  3.59679  5.13517  3.18238  1.31771  3.15320  3.35587  2.21220  2.97368  4.08838  3.59003  4.97410    386 p - - -
          2.68632  4.42209  2.77522  2.73131  3.46367  2.40520  3.72507  3.29369  2.67752  2.69291  4.24705  2.90250  2.73748  3.18152  2.89815  2.37900  2.77535  2.98534  4.58489  3.61515
          0.09984  2.36226  7.11519  0.06626  2.74709  0.17518  1.82827
     59   2.77216  5.25418  3.37751  2.89144  1.89511  4.02091  3.72411  3.46677  2.54271  1.88145  4.52513  3.97335  3.40433  3.38513  2.77446  3.02342  3.27279  2.81033  4.31318  2.67703    388 l - - -
          2.68618  4.42225  2.77519  2.73123  3.46354  2.40513  3.72494  3.29354  2.67741  2.69355  4.24690  2.90347  2.73739  3.18146  2.89801  2.37887  2.77519  2.98518  4.58477  3.61503
          0.00196  6.64226  7.32983  0.61958  0.77255  0.48689  0.95331
     60   2.50854  5.13612  2.33516  2.11960  3.74227  2.87432  3.18796  4.17831  2.28845  3.14993  4.62461  3.62293  2.04131  3.25100  3.18264  2.54403  2.93076  3.85477  5.73439  4.42737    389 p - - -
          2.68618  4.42225  2.77519  2.73123  3.46354  2.40513  3.72494  3.29354  2.67741  2.69355  4.24690  2.90347  2.73739  3.18146  2.89801  2.37887  2.77519  2.98518  4.58477  3.61503
          0.00199  6.64230  7.28984  0.61958  0.77255  0.48454  0.95706
     61   2.67722  5.60186  1.79539  2.30179  4.16231  2.38869  4.03812  3.77512  2.87044  3.56314  5.25843  2.61571  2.99888  2.73033  3.42895  2.76595  2.69036  4.14290  5.28099  2.97622    390 d - - -
          2.68618  4.42225  2.77519  2.73123  3.46354  2.40513  3.72494  3.29354  2.67741  2.69355  4.24690  2.90347  2.73739  3.18146  2.89801  2.37887  2.77519  2.98518  4.58477  3.61503
          0.00358  6.64238  6.08792  0.61958  0.77255  0.48648  0.95396
     62   2.57810  5.51439  2.65746  2.11703  4.44979  2.59259  3.56689  4.16088  1.90380  2.75130  5.03238  2.50340  3.37880  2.72774  2.93831  2.71385  3.15266  4.30640  6.46600  3.83733    391 k - - -
          2.68618  4.42225  2.77519  2.73123  3.46354  2.40513  3.72494  3.29354  2.67741  2.69355  4.24690  2.90347  2.73739  3.18146  2.89801  2.37887  2.77519  2.98518  4.58477  3.61503
          0.00462  6.64074  5.71199  0.61958  0.77255  0.50826  0.92016
     63   3.14144  4.46966  3.14723  2.87958  2.64797  3.51368  3.73531  3.22303  2.32374  4.19313  5.15659  3.22855  3.45109  2.98191  2.52321  1.72061  2.37137  3.59992  6.18851  2.82618    392 s - - -
          2.68618  4.42225  2.77519  2.73123  3.46354  2.40513  3.72494  3.29354  2.67741  2.69355  4.24690  2.90347  2.73739  3.18146  2.89801  2.37887  2.77519  2.98518  4.58477  3.61503
          0.04820  6.63814  3.08466  0.61958  0.77255  0.54481  0.86739
     64   2.72513  5.23639  1.96414  3.46950  1.19641  3.50114  4.77804  3.21725  3.31610  3.34844  4.63360  3.92000  4.59703  3.43635  3.52745  3.59250  3.65533  2.81422  5.63420  2.43876    393 f - - -
          2.68930  4.42605  2.77455  2.73126  3.46010  2.40904  3.72645  3.28842  2.67494  2.68948  4.24260  2.88942  2.74157  3.17147  2.90362  2.37902  2.77998  2.99053  4.59345  3.62034
          0.47548  1.44935  1.94007  2.99334  0.05142  1.02575  0.44399
     65   3.43530  5.91677  0.68181  2.97234  4.91492  4.00150  4.40964  4.65831  3.12676  3.58218  5.11754  2.24858  4.85892  3.05013  3.86651  3.38923  3.70160  3.32006  6.54777  5.17087    466 D - - -
          2.68618  4.42225  2.77519  2.73123  3.46354  2.40513  3.72494  3.29354  2.67741  2.69355  4.24690  2.90347  2.73739  3.18146  2.89801  2.37887  2.77519  2.98518  4.58477  3.61503
          0.00238  6.43770  7.16004  0.61958  0.77255  0.19572  1.72734
     66   2.37246  3.67623  4.72470  3.16558  2.39502  3.20218  4.23778  2.19724  4.01814  1.58765  3.50768  5.13276  5.45239  5.11020  4.04938  4.07589  2.98392  1.86065  5.43601  2.82241    467 l - - -
          2.68618  4.42225  2.77519  2.73123  3.46354  2.40513  3.72494  3.29354  2.67741  2.69355  4.24690  2.90347  2.73739  3.18146  2.89801  2.37887  2.77519  2.98518  4.58477  3.61503
          0.00198  6.62355  7.34590  0.61958  0.77255  0.38686  1.13689
     67   2.77803  4.37223  4.89086  5.29088  3.93106  4.52217  5.48611  1.19242  4.86448  2.61437  2.95540  5.36656  5.47075  3.29584  5.13871  4.38982  4.02876  1.06973  5.44098  4.41110    468 v - - -
          2.68618  4.42225  2.77519  2.73123  3.46354  2.40513  3.72494  3.29354  2.67741  2.69355  4.24690  2.90347  2.73739  3.18146  2.89801  2.37887  2.77519  2.98518  4.58477  3.61503
          0.00194  6.64082  7.36316  0.61958  0.77255  0.47152  0.97830
     68   2.77517  3.48268  4.32196  5.28284  2.48116  4.79224  3.41585  1.98844  4.59738  2.26980  3.76507  3.84585  5.56290  5.13330  4.47811  2.66069  2.33830  1.54648  4.09395  2.96053    469 v - - -
          2.68618  4.42225  2.77519  2.73123  3.46354  2.40513  3.72494  3.29354  2.67741  2.69355  4.24690  2.90347  2.73739  3.18146  2.89801  2.37887  2.77519  2.98518  4.58477  3.61503
          0.00194  6.64243  7.36478  0.61958  0.77255  0.48576  0.95510
     69   2.08072  2.29009  3.80287  4.38761  3.76771  3.06504  5.14989  2.78566  4.36236  2.31554  2.93497  3.87764  5.03066  2.75362  4.69556  1.44371  3.18330  3.08370  5.93261  4.48137    470 s - - -
          2.68618  4.42225  2.77519  2.73123  3.46354  2.40513  3.72494  3.29354  2.67741  2.69355  4.24690  2.90347  2.73739  3.18146  2.89801  2.37887  2.77519  2.98518  4.58477  3.61503
          0.00194  6.64243  7.36478  0.61958  0.77255  0.48576  0.95510
     70   2.58372  4.49032  3.46418  3.28961  2.75225  3.46311  3.49532  3.01203  3.17512  3.35189  3.90242  2.07606  4.19649  3.46623  2.55507  1.98452  2.17924  3.29743  3.72217  4.42708    471 s - - -
          2.68618  4.42225  2.77519  2.73123  3.46354  2.40513  3.72494  3.29354  2.67741  2.69355  4.24690  2.90347  2.73739  3.18146  2.89801  2.37887  2.77519  2.98518  4.58477  3.61503
          0.00194  6.64243  7.36478  0.61958  0.77255  0.48576  0.95510
     71   2.53298  3.87842  3.16779  1.85201  2.51208  2.71206  3.04044  4.40191  3.61212  2.95088  2.83576  2.80436  2.83815  3.15480  3.80458  2.71762  3.18948  3.90921  4.53078  3.40225    472 e - - -
          2.68669  4.42350  2.77278  2.73092  3.46299  2.40585  3.72609  3.29331  2.67801  2.69233  4.24796  2.90362  2.73695  3.18146  2.89838  2.38004  2.77471  2.98528  4.58617  3.61435
          0.06990  2.95817  4.16027  2.45421  0.08985  0.48576  0.95510
     72   2.37480  3.14591  3.20605  4.92205  3.17561  2.96557  4.94982  3.22498  5.03963  2.23911  3.42259  4.64226  3.18570  5.01137  4.60609  2.86769  2.58166  1.17783  5.64302  3.97744    496 v - - -
          2.68619  4.42218  2.77520  2.73124  3.46345  2.40512  3.72494  3.29352  2.67743  2.69356  4.24689  2.90342  2.73742  3.18146  2.89803  2.37886  2.77521  2.98519  4.58479  3.61503
          0.01556  4.42902  5.65238  0.30183  1.34502  0.41296  1.08379
     73   2.89258  3.42742  5.91343  4.93961  2.14710  4.57981  4.31653  1.90877  3.25003  1.05960  3.36481  5.01384  5.11712  5.05888  5.14872  3.82560  2.90861  2.70826  5.12637  3.91883    498 l - - -
          2.68618  4.42225  2.77519  2.73123  3.46354  2.40513  3.72494  3.29354  2.67741  2.69355  4.24690  2.90347  2.73739  3.18146  2.89801  2.37887  2.77519  2.98518  4.58477  3.61503
          0.02365  6.63772  3.81401  0.61958  0.77255  0.55200  0.85754
     74   3.39813  3.04113  3.25184  1.68088  3.89426  2.82365  1.69498  4.06324  2.76595  3.31508  3.49178  3.24777  4.29008  2.97138  3.32785  3.19148  3.30779  3.91955  5.62670  3.15105    499 e - - -
          2.68576  4.42205  2.77535  2.73132  3.46337  2.40510  3.72451  3.29332  2.67749  2.69355  4.24684  2.90364  2.73758  3.18140  2.89819  2.37891  2.77526  2.98509  4.58497  3.61505
          0.06407  2.79017  7.33841  0.62821  0.76259  0.63488  0.75502
     75   2.72796  4.67780  3.65482  3.08792  3.44280  3.82670  1.38896  4.01749  3.69525  2.96277  4.21444  3.14295  4.45200  2.58983  3.89254  2.22543  3.17396  3.32979  3.19277  2.74040    506 h - - -
          2.68618  4.42225  2.77519  2.73123  3.46354  2.40513  3.72494  3.29354  2.67741  2.69355  4.24690  2.90347  2.73739  3.18146  2.89801  2.37887  2.77519  2.98518  4.58477  3.61503
          0.00209  6.62419  7.18829  0.61958  0.77255  0.40921  1.09116
     76   3.24359  4.11411  4.57808  4.01817  2.37930  3.75648  4.53288  1.67117  4.47779  1.58420  3.36933  3.50936  4.36303  4.02611  4.55320  3.44863  3.46863  1.67348  4.41342  4.07176    507 l - - -
          2.68646  4.42280  2.77531  2.73153  3.46387  2.40489  3.72127  3.29370  2.67788  2.69315  4.24754  2.90293  2.73701  3.18212  2.89820  2.37935  2.77500  2.98524  4.58554  3.61497
          0.16246  2.09143  3.63302  1.25684  0.33484  0.51661  0.90768
     77   2.66202  3.77664  2.63959  2.67630  4.65898  2.81590  3.54297  4.32185  2.44895  2.85978  4.93394  3.32592  1.73207  2.49914  2.71020  2.71319  3.07773  3.80479  6.05276  5.09076    520 p - - -
          2.68593  4.41578  2.77537  2.73077  3.46404  2.40583  3.72487  3.29403  2.67716  2.69349  4.24755  2.90364  2.73740  3.17978  2.89850  2.37878  2.77572  2.98534  4.58562  3.61575
          0.25602  1.49716  6.16112  0.89046  0.52842  0.43523  1.04162
     78   3.15301  5.95671  1.09541  2.27637  4.69290  3.82184  4.01024  4.16596  3.11084  3.53190  4.73768  2.03509  3.45864  3.34174  3.23241  2.79787  3.46562  3.82077  6.35598  4.04292    533 d - - -
          2.68735  4.42099  2.77533  2.73087  3.46486  2.40482  3.72490  3.29462  2.67626  2.69081  4.24599  2.90380  2.73828  3.18281  2.89830  2.37987  2.77581  2.98332  4.58379  3.61503
          0.21164  1.82667  3.51348  1.47719  0.25913  0.51720  0.90680
     79   2.90281  5.81725  3.40852  3.18458  3.46842  3.99428  3.52277  2.86353  2.32009  2.17919  4.12541  2.79293  2.04887  2.91150  2.79552  3.15556  2.91584  3.34369  3.10695  3.83842    554 p - - -
          2.68606  4.42253  2.77531  2.73134  3.46380  2.40508  3.72411  3.29352  2.67753  2.69345  4.24683  2.90378  2.73729  3.18151  2.89814  2.37898  2.77547  2.98489  4.58133  3.61530
          0.11431  2.44025  3.86899  0.90140  0.52088  0.58707  0.81182
     80   2.34608  5.64375  2.89241  1.70797  5.13177  3.93088  3.73398  3.61968  2.65862  3.02712  3.85155  3.43285  2.44570  2.48300  2.64612  2.90657  3.52437  2.89467  5.02015  3.55296    559 e - - -
          2.68627  4.42183  2.77526  2.73130  3.46352  2.40526  3.72488  3.29326  2.67749  2.69343  4.24684  2.90344  2.73747  3.18134  2.89789  2.37898  2.77509  2.98517  4.58462  3.61500
          0.04248  3.21757  6.47840  0.80896  0.58936  0.38507  1.14070
     81   2.03962  5.63141  3.35399  1.94635  4.12693  3.24650  3.75167  4.11741  1.76075  3.54187  3.71349  3.48795  3.85615  2.71629  2.45828  2.55409  3.13780  3.36483  6.43335  4.85449    564 k - - -
          2.68624  4.42227  2.77524  2.73094  3.46360  2.40521  3.72455  3.29361  2.67712  2.69360  4.24698  2.90354  2.73745  3.18148  2.89803  2.37894  2.77525  2.98524  4.58466  3.61510
          0.04452  3.14883  7.35601  0.12108  2.17122  0.41759  1.07479
     82   1.77477  3.55957  4.19618  3.97117  2.72834  3.88453  4.94649  2.47363  4.12819  2.05750  3.20948  3.65692  4.31466  5.04166  4.78990  3.16639  2.91334  1.87891  4.89050  2.34439    566 a - - -
          2.68618  4.42225  2.77519  2.73123  3.46354  2.40513  3.72494  3.29354  2.67741  2.69355  4.24690  2.90347  2.73739  3.18146  2.89801  2.37887  2.77519  2.98518  4.58477  3.61503
          0.00194  6.64243  7.36478  0.61958  0.77255  0.48576  0.95510
     83   2.76736  4.82523  5.58234  4.56281  2.34337  4.91809  5.31129  1.74785  5.08686  1.06871  2.79552  5.11837  4.93454  5.10680  3.96456  4.36939  3.98998  2.12202  4.29817  3.95869    567 l - - -
          2.68618  4.42225  2.77519  2.73123  3.46354  2.40513  3.72494  3.29354  2.67741  2.69355  4.24690  2.90347  2.73739  3.18146  2.89801  2.37887  2.77519  2.98518  4.58477  3.61503
          0.00194  6.64243  7.36478  0.61958  0.77255  0.48576  0.95510
     84   2.18043  5.21535  2.69756  2.54391  5.13648  3.41151  4.04108  4.64468  1.74676  3.28020  5.09726  3.20002  3.53694  2.33763  1.94562  2.78700  2.94880  3.99560  6.52626  4.78852    568 k - - -
          2.68618  4.42225  2.77519  2.73123  3.46354  2.40513  3.72494  3.29354  2.67741  2.69355  4.24690  2.90347  2.73739  3.18146  2.89801  2.37887  2.77519  2.98518  4.58477  3.61503
          0.00194  6.64243  7.36478  0.61958  0.77255  0.48576  0.95510
     85   2.88290  3.23403  3.30534  1.52712  3.73591  2.90359  2.92742  4.43254  2.74192  3.33279  4.70103  2.54279  4.81074  2.30014  2.63727  3.02202  3.29673  3.09738  6.38956  5.06459    569 e - - -
          2.68618  4.42225  2.77519  2.73123  3.46354  2.40513  3.72494  3.29354  2.67741  2.69355  4.24690  2.90347  2.73739  3.18146  2.89801  2.37887  2.77519  2.98518  4.58477  3.61503
          0.00194  6.64243  7.36478  0.61958  0.77255  0.48576  0.95510
     86   1.73283  3.52322  5.92886  4.78070  3.04319  4.43965  4.60999  1.48021  4.99712  2.06068  2.18875  5.08498  4.84965  3.26174  4.42303  3.92207  3.39709  2.31398  4.67186  4.29595    570 i - - -
          2.68618  4.42225  2.77519  2.73123  3.46354  2.40513  3.72494  3.29354  2.67741  2.69355  4.24690  2.90347  2.73739  3.18146  2.89801  2.37887  2.77519  2.98518  4.58477  3.61503
          0.00388  6.64243  5.96406  0.61958  0.77255  0.48576  0.95510
     87   2.08268  4.44091  3.91323  3.30312  2.41930  3.02743  3.34487  3.10828  2.64142  2.97532  4.31524  2.94050  3.50469  2.85162  2.48287  2.52305  3.42807  3.27183  4.91891  2.63391    571 a - - -
          2.68452  4.41838  2.77822  2.73087  3.46292  2.40911  3.71816  3.28727  2.68262  2.68504  4.24703  2.90318  2.74155  3.17630  2.89962  2.38171  2.77982  2.98425  4.55648  3.61259
          0.28225  1.41032  6.29428  3.07312  0.04738  0.51359  0.91216
     88   2.70617  4.23467  2.78283  2.74259  5.68078  3.27148  3.89531  5.07668  2.32330  3.74236  4.97045  3.24666  4.10715  2.25863  1.25119  2.63878  2.96096  4.14910  5.17818  5.24412    626 r - - -
          2.68618  4.42225  2.77519  2.73123  3.46354  2.40513  3.72494  3.29354  2.67741  2.69355  4.24690  2.90347  2.73739  3.18146  2.89801  2.37887  2.77519  2.98518  4.58477  3.61503
          0.00195  6.63928  7.36163  0.61958  0.77255  0.49988  0.93294
     89   2.63141  4.00789  5.84720  5.30710  3.18027  4.65946  3.21581  2.81432  3.42883  1.44343  2.94732  3.26982  5.50250  4.51320  3.63095  3.06432  3.77046  1.43992  4.09575  3.61154    627 v - - -
          2.68618  4.42225  2.77519  2.73123  3.46354  2.40513  3.72494  3.29354  2.67741  2.69355  4.24690  2.90347  2.73739  3.18146  2.89801  2.37887  2.77519  2.98518  4.58477  3.61503
          0.00194  6.64060  7.36295  0.61958  0.77255  0.46965  0.98141
     90   3.17548  3.03755  4.66331  3.86857  3.76133  5.14188  5.50287  2.90032  4.94868  0.65796  3.43318  3.29720  5.54288  3.46950  3.88614  3.85246  3.56160  2.60920  6.04474  4.11399    628 L - - -
          2.68618  4.42225  2.77519  2.73123  3.46354  2.40513  3.72494  3.29354  2.67741  2.69355  4.24690  2.90347  2.73739  3.18146  2.89801  2.37887  2.77519  2.98518  4.58477  3.61503
          0.00194  6.64243  7.36478  0.61958  0.77255  0.48576  0.95510
     91   2.52946  4.18120  3.10777  2.90410  5.51869  4.16551  4.60471  3.97491  1.15097  4.43879  4.64009  2.73888  4.50584  2.83005  1.99745  2.58626  3.42365  3.47657  5.24893  5.30561    629 k - - -
          2.68618  4.42225  2.77519  2.73123  3.46354  2.40513  3.72494  3.29354  2.67741  2.69355  4.24690  2.90347  2.73739  3.18146  2.89801  2.37887  2.77519  2.98518  4.58477  3.61503
          0.00194  6.64243  7.36478  0.61958  0.77255  0.48576  0.95510
     92   3.31925  6.07654  3.02113  2.23360  4.26442  3.88410  4.23965  4.76609  2.67139  3.82459  5.31567  3.08383  0.87422  3.60406  3.33199  3.11801  3.67426  3.54104  6.45557  3.64542    630 p - - -
          2.68618  4.42225  2.77519  2.73123  3.46354  2.40513  3.72494  3.29354  2.67741  2.69355  4.24690  2.90347  2.73739  3.18146  2.89801  2.37887  2.77519  2.98518  4.58477  3.61503
          0.00194  6.64243  7.36478  0.61958  0.77255  0.48576  0.95510
     93   3.28602  6.27351  2.41138  2.21423  4.52277  0.83248  4.27924  5.22365  3.14846  4.14537  5.34733  2.26965  4.82625  3.66197  3.79154  3.43765  3.61359  4.75514  6.69140  5.37195    631 g - - -
          2.68618  4.42225  2.77519  2.73123  3.46354  2.40513  3.72494  3.29354  2.67741  2.69355  4.24690  2.90347  2.73739  3.18146  2.89801  2.37887  2.77519  2.98518  4.58477  3.61503
          0.00194  6.64243  7.36478  0.61958  0.77255  0.48576  0.95510
     94   2.61850  6.20878  4.20652  2.98294  5.38068  0.45384  4.93490  5.12901  3.55220  4.68621  5.44582  3.99737  5.12483  3.02902  3.99390  3.29308  3.99089  4.39202  6.84527  5.45616    632 G - - -
          2.68762  4.41279  2.77487  2.72302  3.43833  2.41785  3.71817  3.28420  2.68746  2.66391  4.22053  2.91213  2.75981  3.18567  2.90367  2.38938  2.78159  2.97812  4.56049  3.59011
          0.64139  0.74773        *  3.59150  0.02794  0.00000        *
//
