Q9JT57	Q9JT57	1.000	264	0	0	1	264	1	264	4.850E-218	661
Q9JT57	Q9JY72	0.996	264	1	0	1	264	1	264	1.525E-217	659
Q9JT57	A1KVB3	0.992	264	2	0	1	264	1	264	4.795E-217	658
Q9JT57	Q5F732	0.988	264	3	0	1	264	1	264	4.740E-216	655
Q03YZ8	Q03YZ8	1.000	322	0	0	1	322	1	322	1.577E-263	797
Q1CFB5	A4TLC5	1.000	264	0	0	1	264	1	264	1.065E-219	665
Q1CFB5	Q1CAR9	1.000	264	0	0	1	264	1	264	1.065E-219	665
Q1CFB5	Q1CFB5	1.000	264	0	0	1	264	1	264	1.065E-219	665
Q1CFB5	Q8ZHV1	1.000	264	0	0	1	264	1	264	1.065E-219	665
Q1CFB5	A7FFE0	0.992	264	2	0	1	264	1	264	2.260E-218	662
Q1CFB5	Q667F9	0.992	264	2	0	1	264	1	264	2.260E-218	662
Q1CFB5	A1JPC9	0.935	264	17	0	1	264	1	264	6.124E-206	627
Q1CFB5	A8GIH7	0.901	264	26	0	1	264	1	264	5.711E-201	613
B1IU17	A8A3W0	1.000	264	0	0	1	264	1	264	1.088E-221	671
B1IU17	B1IU17	1.000	264	0	0	1	264	1	264	1.088E-221	671
B1IU17	Q32C94	0.996	264	1	0	1	264	1	264	5.015E-221	669
B1IU17	A1AF39	0.996	264	1	0	1	264	1	264	7.347E-221	669
B1IU17	A7ZQT3	0.996	264	1	0	1	264	1	264	7.347E-221	669
B1IU17	B7LF04	0.996	264	1	0	1	264	1	264	7.347E-221	669
B1IU17	B7LY83	0.996	264	1	0	1	264	1	264	7.347E-221	669
B1IU17	B7MLH3	0.996	264	1	0	1	264	1	264	7.347E-221	669
B1IU17	B7MZC6	0.996	264	1	0	1	264	1	264	7.347E-221	669
B1IU17	B7N759	0.996	264	1	0	1	264	1	264	7.347E-221	669
B1IU17	B7NVX2	0.996	264	1	0	1	264	1	264	7.347E-221	669
B1IU17	B7UHP4	0.996	264	1	0	1	264	1	264	7.347E-221	669
B1IU17	C4ZZX9	0.996	264	1	0	1	264	1	264	7.347E-221	669
B1IU17	P0A884	0.996	264	1	0	1	264	1	264	7.347E-221	669
B1IU17	P0A885	0.996	264	1	0	1	264	1	264	7.347E-221	669
B1IU17	P0A886	0.996	264	1	0	1	264	1	264	7.347E-221	669
B1IU17	Q0TE05	0.996	264	1	0	1	264	1	264	7.347E-221	669
B1IU17	Q1R7I6	0.996	264	1	0	1	264	1	264	7.347E-221	669
B1IU17	Q3YY33	0.996	264	1	0	1	264	1	264	7.347E-221	669
B1IU17	P48464	0.992	264	2	0	1	264	1	264	1.076E-220	668
B1IU17	Q0T137	0.992	264	2	0	1	264	1	264	1.076E-220	668
B1IU17	Q31XG0	0.992	264	2	0	1	264	1	264	1.560E-219	665
B1IU17	B7LNI2	0.988	264	3	0	1	264	1	264	7.186E-219	663
B1IU17	A8AP42	0.958	264	11	0	1	264	1	264	1.005E-214	652
B1IU17	A9N2L7	0.958	264	11	0	1	264	1	264	1.473E-214	651
B1IU17	Q57KB6	0.958	264	11	0	1	264	1	264	1.473E-214	651
B1IU17	Q5PEN6	0.958	264	11	0	1	264	1	264	1.473E-214	651
B1IU17	Q8ZMA9	0.958	264	11	0	1	264	1	264	1.473E-214	651
B1IU17	C0PXI9	0.954	264	12	0	1	264	1	264	9.932E-214	649
B1IU17	Q8Z412	0.950	264	13	0	1	264	1	264	9.812E-213	646
B1IU17	A9MS82	0.946	264	14	0	1	264	1	264	3.084E-212	645
B1IU17	A4WE03	0.950	264	13	0	1	264	1	264	6.617E-212	644
B1IU17	A6TDG3	0.939	264	16	0	1	264	1	264	6.535E-211	641
B1IU17	A7MR31	0.916	264	22	0	1	264	1	264	1.923E-205	626
Q32C94	Q32C94	1.000	264	0	0	1	264	1	264	1.594E-221	671
Q32C94	A8A3W0	0.996	264	1	0	1	264	1	264	5.015E-221	669
Q32C94	B1IU17	0.996	264	1	0	1	264	1	264	5.015E-221	669
Q32C94	A1AF39	0.992	264	2	0	1	264	1	264	3.385E-220	667
Q32C94	A7ZQT3	0.992	264	2	0	1	264	1	264	3.385E-220	667
Q32C94	B7LF04	0.992	264	2	0	1	264	1	264	3.385E-220	667
Q32C94	B7LY83	0.992	264	2	0	1	264	1	264	3.385E-220	667
Q32C94	B7MLH3	0.992	264	2	0	1	264	1	264	3.385E-220	667
Q32C94	B7MZC6	0.992	264	2	0	1	264	1	264	3.385E-220	667
Q32C94	B7N759	0.992	264	2	0	1	264	1	264	3.385E-220	667
Q32C94	B7NVX2	0.992	264	2	0	1	264	1	264	3.385E-220	667
Q32C94	B7UHP4	0.992	264	2	0	1	264	1	264	3.385E-220	667
Q32C94	C4ZZX9	0.992	264	2	0	1	264	1	264	3.385E-220	667
Q32C94	P0A884	0.992	264	2	0	1	264	1	264	3.385E-220	667
Q32C94	P0A885	0.992	264	2	0	1	264	1	264	3.385E-220	667
Q32C94	P0A886	0.992	264	2	0	1	264	1	264	3.385E-220	667
Q32C94	Q0TE05	0.992	264	2	0	1	264	1	264	3.385E-220	667
Q32C94	Q1R7I6	0.992	264	2	0	1	264	1	264	3.385E-220	667
Q32C94	Q3YY33	0.992	264	2	0	1	264	1	264	3.385E-220	667
Q32C94	P48464	0.988	264	3	0	1	264	1	264	4.960E-220	666
Q32C94	Q0T137	0.988	264	3	0	1	264	1	264	4.960E-220	666
Q32C94	B7LNI2	0.992	264	2	0	1	264	1	264	2.285E-219	665
Q32C94	Q31XG0	0.988	264	3	0	1	264	1	264	7.186E-219	663
Q32C94	A8AP42	0.962	264	10	0	1	264	1	264	3.198E-215	653
Q32C94	A9N2L7	0.962	264	10	0	1	264	1	264	4.684E-215	653
Q32C94	Q57KB6	0.962	264	10	0	1	264	1	264	4.684E-215	653
Q32C94	Q5PEN6	0.962	264	10	0	1	264	1	264	4.684E-215	653
Q32C94	Q8ZMA9	0.962	264	10	0	1	264	1	264	4.684E-215	653
Q32C94	C0PXI9	0.958	264	11	0	1	264	1	264	3.160E-214	650
Q32C94	Q8Z412	0.954	264	12	0	1	264	1	264	3.122E-213	647
Q32C94	A9MS82	0.950	264	13	0	1	264	1	264	9.812E-213	646
Q32C94	A4WE03	0.954	264	12	0	1	264	1	264	2.105E-212	645
Q32C94	A6TDG3	0.943	264	15	0	1	264	1	264	2.079E-211	642
Q32C94	A7MR31	0.920	264	21	0	1	264	1	264	6.124E-206	627
Q5NFK5	Q14H07	1.000	274	0	0	1	274	1	274	9.057E-226	684
Q5NFK5	Q5NFK5	1.000	274	0	0	1	274	1	274	9.057E-226	684
Q0ABR1	Q0ABR1	1.000	264	0	0	1	264	1	264	1.577E-220	668
A1W5A4	A1W5A4	1.000	277	0	0	1	277	1	277	3.107E-232	702
Q0C504	Q0C504	1.000	264	0	0	1	264	1	264	4.960E-220	666
Q3YY33	A1AF39	1.000	264	0	0	1	264	1	264	1.088E-221	671
Q3YY33	A7ZQT3	1.000	264	0	0	1	264	1	264	1.088E-221	671
Q3YY33	B7LF04	1.000	264	0	0	1	264	1	264	1.088E-221	671
Q3YY33	B7LY83	1.000	264	0	0	1	264	1	264	1.088E-221	671
Q3YY33	B7MLH3	1.000	264	0	0	1	264	1	264	1.088E-221	671
Q3YY33	B7MZC6	1.000	264	0	0	1	264	1	264	1.088E-221	671
Q3YY33	B7N759	1.000	264	0	0	1	264	1	264	1.088E-221	671
Q3YY33	B7NVX2	1.000	264	0	0	1	264	1	264	1.088E-221	671
Q3YY33	B7UHP4	1.000	264	0	0	1	264	1	264	1.088E-221	671
Q3YY33	C4ZZX9	1.000	264	0	0	1	264	1	264	1.088E-221	671
Q3YY33	P0A884	1.000	264	0	0	1	264	1	264	1.088E-221	671
Q3YY33	P0A885	1.000	264	0	0	1	264	1	264	1.088E-221	671
Q3YY33	P0A886	1.000	264	0	0	1	264	1	264	1.088E-221	671
Q3YY33	Q0TE05	1.000	264	0	0	1	264	1	264	1.088E-221	671
Q3YY33	Q1R7I6	1.000	264	0	0	1	264	1	264	1.088E-221	671
Q3YY33	Q3YY33	1.000	264	0	0	1	264	1	264	1.088E-221	671
Q3YY33	P48464	0.996	264	1	0	1	264	1	264	1.594E-221	671
Q3YY33	Q0T137	0.996	264	1	0	1	264	1	264	1.594E-221	671
Q3YY33	A8A3W0	0.996	264	1	0	1	264	1	264	7.347E-221	669
Q3YY33	B1IU17	0.996	264	1	0	1	264	1	264	7.347E-221	669
Q3YY33	Q31XG0	0.996	264	1	0	1	264	1	264	2.311E-220	667
Q3YY33	Q32C94	0.992	264	2	0	1	264	1	264	3.385E-220	667
Q3YY33	B7LNI2	0.992	264	2	0	1	264	1	264	1.065E-219	665
Q3YY33	A8AP42	0.962	264	10	0	1	264	1	264	1.490E-215	654
Q3YY33	A9N2L7	0.962	264	10	0	1	264	1	264	2.183E-215	653
Q3YY33	Q57KB6	0.962	264	10	0	1	264	1	264	2.183E-215	653
Q3YY33	Q5PEN6	0.962	264	10	0	1	264	1	264	2.183E-215	653
Q3YY33	Q8ZMA9	0.962	264	10	0	1	264	1	264	2.183E-215	653
Q3YY33	C0PXI9	0.958	264	11	0	1	264	1	264	1.473E-214	651
Q3YY33	Q8Z412	0.954	264	12	0	1	264	1	264	1.455E-213	648
Q3YY33	A9MS82	0.950	264	13	0	1	264	1	264	4.573E-213	647
Q3YY33	A4WE03	0.954	264	12	0	1	264	1	264	9.812E-213	646
Q3YY33	A6TDG3	0.943	264	15	0	1	264	1	264	9.692E-212	643
Q3YY33	A7MR31	0.920	264	21	0	1	264	1	264	2.855E-206	628
Q1Q8B2	Q1Q8B2	1.000	290	0	0	1	290	1	290	8.270E-237	717
A1AF39	A1AF39	1.000	264	0	0	1	264	1	264	1.088E-221	671
A1AF39	A7ZQT3	1.000	264	0	0	1	264	1	264	1.088E-221	671
A1AF39	B7LF04	1.000	264	0	0	1	264	1	264	1.088E-221	671
A1AF39	B7LY83	1.000	264	0	0	1	264	1	264	1.088E-221	671
A1AF39	B7MLH3	1.000	264	0	0	1	264	1	264	1.088E-221	671
A1AF39	B7MZC6	1.000	264	0	0	1	264	1	264	1.088E-221	671
A1AF39	B7N759	1.000	264	0	0	1	264	1	264	1.088E-221	671
A1AF39	B7NVX2	1.000	264	0	0	1	264	1	264	1.088E-221	671
A1AF39	B7UHP4	1.000	264	0	0	1	264	1	264	1.088E-221	671
A1AF39	C4ZZX9	1.000	264	0	0	1	264	1	264	1.088E-221	671
A1AF39	P0A884	1.000	264	0	0	1	264	1	264	1.088E-221	671
A1AF39	P0A885	1.000	264	0	0	1	264	1	264	1.088E-221	671
A1AF39	P0A886	1.000	264	0	0	1	264	1	264	1.088E-221	671
A1AF39	Q0TE05	1.000	264	0	0	1	264	1	264	1.088E-221	671
A1AF39	Q1R7I6	1.000	264	0	0	1	264	1	264	1.088E-221	671
A1AF39	Q3YY33	1.000	264	0	0	1	264	1	264	1.088E-221	671
A1AF39	P48464	0.996	264	1	0	1	264	1	264	1.594E-221	671
A1AF39	Q0T137	0.996	264	1	0	1	264	1	264	1.594E-221	671
A1AF39	A8A3W0	0.996	264	1	0	1	264	1	264	7.347E-221	669
A1AF39	B1IU17	0.996	264	1	0	1	264	1	264	7.347E-221	669
A1AF39	Q31XG0	0.996	264	1	0	1	264	1	264	2.311E-220	667
A1AF39	Q32C94	0.992	264	2	0	1	264	1	264	3.385E-220	667
A1AF39	B7LNI2	0.992	264	2	0	1	264	1	264	1.065E-219	665
A1AF39	A8AP42	0.962	264	10	0	1	264	1	264	1.490E-215	654
A1AF39	A9N2L7	0.962	264	10	0	1	264	1	264	2.183E-215	653
A1AF39	Q57KB6	0.962	264	10	0	1	264	1	264	2.183E-215	653
A1AF39	Q5PEN6	0.962	264	10	0	1	264	1	264	2.183E-215	653
A1AF39	Q8ZMA9	0.962	264	10	0	1	264	1	264	2.183E-215	653
A1AF39	C0PXI9	0.958	264	11	0	1	264	1	264	1.473E-214	651
A1AF39	Q8Z412	0.954	264	12	0	1	264	1	264	1.455E-213	648
A1AF39	A9MS82	0.950	264	13	0	1	264	1	264	4.573E-213	647
A1AF39	A4WE03	0.954	264	12	0	1	264	1	264	9.812E-213	646
A1AF39	A6TDG3	0.943	264	15	0	1	264	1	264	9.692E-212	643
A1AF39	A7MR31	0.920	264	21	0	1	264	1	264	2.855E-206	628
B8I0T8	B8I0T8	1.000	264	0	0	1	264	1	264	1.065E-219	665
Q8Y626	Q8Y626	1.000	314	0	0	1	314	1	314	5.085E-256	775
Q8Y626	B8DDM8	0.980	314	6	0	1	314	1	314	2.251E-252	764
Q8Y626	Q92AD4	0.984	314	5	0	1	314	1	314	2.251E-252	764
Q8Y626	Q71YE1	0.974	314	8	0	1	314	1	314	3.210E-250	758
Q8Y626	C1KWH4	0.971	314	9	0	1	314	1	314	1.477E-249	757
Q8Y626	A0AJY0	0.968	314	10	0	1	314	1	314	3.167E-249	756
A9KF61	A9KF61	1.000	264	0	0	1	264	1	264	1.065E-219	665
A9KF61	A9N980	1.000	264	0	0	1	264	1	264	1.065E-219	665
A9KF61	Q83BG2	1.000	264	0	0	1	264	1	264	1.065E-219	665
P57808	P57808	1.000	283	0	0	1	283	1	283	1.038E-235	713
Q3J0W9	Q3J0W9	1.000	298	0	0	1	298	1	298	7.952E-243	735
Q3J0W9	A3PLD1	0.979	298	6	0	1	298	1	298	2.374E-238	723
A8AP42	A8AP42	1.000	264	0	0	1	264	1	264	5.015E-221	669
A8AP42	B7LNI2	0.965	264	9	0	1	264	1	264	2.209E-216	656
A8AP42	A1AF39	0.962	264	10	0	1	264	1	264	1.490E-215	654
A8AP42	A7ZQT3	0.962	264	10	0	1	264	1	264	1.490E-215	654
A8AP42	B7LF04	0.962	264	10	0	1	264	1	264	1.490E-215	654
A8AP42	B7LY83	0.962	264	10	0	1	264	1	264	1.490E-215	654
A8AP42	B7MLH3	0.962	264	10	0	1	264	1	264	1.490E-215	654
A8AP42	B7MZC6	0.962	264	10	0	1	264	1	264	1.490E-215	654
A8AP42	B7N759	0.962	264	10	0	1	264	1	264	1.490E-215	654
A8AP42	B7NVX2	0.962	264	10	0	1	264	1	264	1.490E-215	654
A8AP42	B7UHP4	0.962	264	10	0	1	264	1	264	1.490E-215	654
A8AP42	C4ZZX9	0.962	264	10	0	1	264	1	264	1.490E-215	654
A8AP42	P0A884	0.962	264	10	0	1	264	1	264	1.490E-215	654
A8AP42	P0A885	0.962	264	10	0	1	264	1	264	1.490E-215	654
A8AP42	P0A886	0.962	264	10	0	1	264	1	264	1.490E-215	654
A8AP42	Q0TE05	0.962	264	10	0	1	264	1	264	1.490E-215	654
A8AP42	Q1R7I6	0.962	264	10	0	1	264	1	264	1.490E-215	654
A8AP42	Q3YY33	0.962	264	10	0	1	264	1	264	1.490E-215	654
A8AP42	P48464	0.958	264	11	0	1	264	1	264	2.183E-215	653
A8AP42	Q0T137	0.958	264	11	0	1	264	1	264	2.183E-215	653
A8AP42	Q32C94	0.962	264	10	0	1	264	1	264	3.198E-215	653
A8AP42	A9N2L7	0.962	264	10	0	1	264	1	264	3.198E-215	653
A8AP42	Q57KB6	0.962	264	10	0	1	264	1	264	3.198E-215	653
A8AP42	Q5PEN6	0.962	264	10	0	1	264	1	264	3.198E-215	653
A8AP42	Q8ZMA9	0.962	264	10	0	1	264	1	264	3.198E-215	653
A8AP42	A8A3W0	0.958	264	11	0	1	264	1	264	1.005E-214	652
A8AP42	B1IU17	0.958	264	11	0	1	264	1	264	1.005E-214	652
A8AP42	C0PXI9	0.958	264	11	0	1	264	1	264	2.157E-214	651
A8AP42	Q31XG0	0.958	264	11	0	1	264	1	264	3.160E-214	650
A8AP42	Q8Z412	0.958	264	11	0	1	264	1	264	4.629E-214	650
A8AP42	A4WE03	0.962	264	10	0	1	264	1	264	2.131E-213	648
A8AP42	A9MS82	0.950	264	13	0	1	264	1	264	6.699E-213	646
A8AP42	A6TDG3	0.946	264	14	0	1	264	1	264	6.535E-211	641
A8AP42	A7MR31	0.912	264	23	0	1	264	1	264	4.013E-203	619
A8AP42	A8GIH7	0.909	264	24	0	1	264	1	264	3.788E-199	608
Q6KIQ6	Q6KIQ6	1.000	288	0	0	1	288	1	288	8.685E-231	700
Q8ZHV1	A4TLC5	1.000	264	0	0	1	264	1	264	1.065E-219	665
Q8ZHV1	Q1CAR9	1.000	264	0	0	1	264	1	264	1.065E-219	665
Q8ZHV1	Q1CFB5	1.000	264	0	0	1	264	1	264	1.065E-219	665
Q8ZHV1	Q8ZHV1	1.000	264	0	0	1	264	1	264	1.065E-219	665
Q8ZHV1	A7FFE0	0.992	264	2	0	1	264	1	264	2.260E-218	662
Q8ZHV1	Q667F9	0.992	264	2	0	1	264	1	264	2.260E-218	662
Q8ZHV1	A1JPC9	0.935	264	17	0	1	264	1	264	6.124E-206	627
Q8ZHV1	A8GIH7	0.901	264	26	0	1	264	1	264	5.711E-201	613
A4WE03	A4WE03	1.000	264	0	0	1	264	1	264	3.423E-221	670
A4WE03	B7LNI2	0.958	264	11	0	1	264	1	264	1.455E-213	648
A4WE03	A8AP42	0.962	264	10	0	1	264	1	264	2.131E-213	648
A4WE03	A1AF39	0.954	264	12	0	1	264	1	264	9.812E-213	646
A4WE03	A7ZQT3	0.954	264	12	0	1	264	1	264	9.812E-213	646
A4WE03	B7LF04	0.954	264	12	0	1	264	1	264	9.812E-213	646
A4WE03	B7LY83	0.954	264	12	0	1	264	1	264	9.812E-213	646
A4WE03	B7MLH3	0.954	264	12	0	1	264	1	264	9.812E-213	646
A4WE03	B7MZC6	0.954	264	12	0	1	264	1	264	9.812E-213	646
A4WE03	B7N759	0.954	264	12	0	1	264	1	264	9.812E-213	646
A4WE03	B7NVX2	0.954	264	12	0	1	264	1	264	9.812E-213	646
A4WE03	B7UHP4	0.954	264	12	0	1	264	1	264	9.812E-213	646
A4WE03	C4ZZX9	0.954	264	12	0	1	264	1	264	9.812E-213	646
A4WE03	P0A884	0.954	264	12	0	1	264	1	264	9.812E-213	646
A4WE03	P0A885	0.954	264	12	0	1	264	1	264	9.812E-213	646
A4WE03	P0A886	0.954	264	12	0	1	264	1	264	9.812E-213	646
A4WE03	Q0TE05	0.954	264	12	0	1	264	1	264	9.812E-213	646
A4WE03	Q1R7I6	0.954	264	12	0	1	264	1	264	9.812E-213	646
A4WE03	Q3YY33	0.954	264	12	0	1	264	1	264	9.812E-213	646
A4WE03	P48464	0.950	264	13	0	1	264	1	264	1.437E-212	646
A4WE03	Q0T137	0.950	264	13	0	1	264	1	264	1.437E-212	646
A4WE03	Q32C94	0.954	264	12	0	1	264	1	264	2.105E-212	645
A4WE03	A8A3W0	0.950	264	13	0	1	264	1	264	6.617E-212	644
A4WE03	B1IU17	0.950	264	13	0	1	264	1	264	6.617E-212	644
A4WE03	Q31XG0	0.950	264	13	0	1	264	1	264	2.079E-211	642
A4WE03	A9N2L7	0.946	264	14	0	1	264	1	264	3.046E-211	642
A4WE03	Q57KB6	0.946	264	14	0	1	264	1	264	3.046E-211	642
A4WE03	Q5PEN6	0.946	264	14	0	1	264	1	264	3.046E-211	642
A4WE03	Q8ZMA9	0.946	264	14	0	1	264	1	264	3.046E-211	642
A4WE03	C0PXI9	0.943	264	15	0	1	264	1	264	2.054E-210	640
A4WE03	A9MS82	0.943	264	15	0	1	264	1	264	3.008E-210	639
A4WE03	Q8Z412	0.939	264	16	0	1	264	1	264	2.028E-209	637
A4WE03	A6TDG3	0.928	264	19	0	1	264	1	264	9.210E-208	632
A4WE03	A8GIH7	0.928	264	19	0	1	264	1	264	4.013E-203	619
A4WE03	A7MR31	0.916	264	22	0	1	264	1	264	3.957E-202	616
Q2K6G8	Q2K6G8	1.000	264	0	0	1	264	1	264	2.260E-218	662
Q2K6G8	Q1ME82	0.954	264	12	0	1	264	1	264	1.384E-209	637
A4Y4J1	A1RME0	1.000	264	0	0	1	264	1	264	3.273E-217	659
A4Y4J1	A4Y4J1	1.000	264	0	0	1	264	1	264	3.273E-217	659
A4Y4J1	B8EBR5	0.965	264	9	0	1	264	1	264	6.535E-211	641
A4Y4J1	Q0HG85	0.962	264	10	0	1	264	1	264	9.572E-211	640
A4Y4J1	Q0HSH8	0.962	264	10	0	1	264	1	264	9.572E-211	640
A4Y4J1	A6WKP4	0.962	264	10	0	1	264	1	264	2.054E-210	640
A4Y4J1	A9L5M3	0.962	264	10	0	1	264	1	264	2.054E-210	640
A4Y4J1	A3D1U3	0.958	264	11	0	1	264	1	264	9.451E-210	638
A4Y4J1	A0KZP5	0.958	264	11	0	1	264	1	264	4.350E-209	636
A4Y4J1	Q8EH94	0.950	264	13	0	1	264	1	264	2.002E-208	634
C4LD19	C4LD19	1.000	283	0	0	1	283	1	283	6.926E-234	708
A5UDH0	A5UDH0	1.000	283	0	0	1	283	1	283	4.673E-233	706
A5UDH0	A5UI47	0.996	283	1	0	1	283	1	283	3.152E-232	703
A5UDH0	P44420	0.996	283	1	0	1	283	1	283	3.152E-232	703
A5UDH0	Q4QM04	0.989	283	3	0	1	283	1	283	1.434E-230	699
C4ZZX9	A1AF39	1.000	264	0	0	1	264	1	264	1.088E-221	671
C4ZZX9	A7ZQT3	1.000	264	0	0	1	264	1	264	1.088E-221	671
C4ZZX9	B7LF04	1.000	264	0	0	1	264	1	264	1.088E-221	671
C4ZZX9	B7LY83	1.000	264	0	0	1	264	1	264	1.088E-221	671
C4ZZX9	B7MLH3	1.000	264	0	0	1	264	1	264	1.088E-221	671
C4ZZX9	B7MZC6	1.000	264	0	0	1	264	1	264	1.088E-221	671
C4ZZX9	B7N759	1.000	264	0	0	1	264	1	264	1.088E-221	671
C4ZZX9	B7NVX2	1.000	264	0	0	1	264	1	264	1.088E-221	671
C4ZZX9	B7UHP4	1.000	264	0	0	1	264	1	264	1.088E-221	671
C4ZZX9	C4ZZX9	1.000	264	0	0	1	264	1	264	1.088E-221	671
C4ZZX9	P0A884	1.000	264	0	0	1	264	1	264	1.088E-221	671
C4ZZX9	P0A885	1.000	264	0	0	1	264	1	264	1.088E-221	671
C4ZZX9	P0A886	1.000	264	0	0	1	264	1	264	1.088E-221	671
C4ZZX9	Q0TE05	1.000	264	0	0	1	264	1	264	1.088E-221	671
C4ZZX9	Q1R7I6	1.000	264	0	0	1	264	1	264	1.088E-221	671
C4ZZX9	Q3YY33	1.000	264	0	0	1	264	1	264	1.088E-221	671
C4ZZX9	P48464	0.996	264	1	0	1	264	1	264	1.594E-221	671
C4ZZX9	Q0T137	0.996	264	1	0	1	264	1	264	1.594E-221	671
C4ZZX9	A8A3W0	0.996	264	1	0	1	264	1	264	7.347E-221	669
C4ZZX9	B1IU17	0.996	264	1	0	1	264	1	264	7.347E-221	669
C4ZZX9	Q31XG0	0.996	264	1	0	1	264	1	264	2.311E-220	667
C4ZZX9	Q32C94	0.992	264	2	0	1	264	1	264	3.385E-220	667
C4ZZX9	B7LNI2	0.992	264	2	0	1	264	1	264	1.065E-219	665
C4ZZX9	A8AP42	0.962	264	10	0	1	264	1	264	1.490E-215	654
C4ZZX9	A9N2L7	0.962	264	10	0	1	264	1	264	2.183E-215	653
C4ZZX9	Q57KB6	0.962	264	10	0	1	264	1	264	2.183E-215	653
C4ZZX9	Q5PEN6	0.962	264	10	0	1	264	1	264	2.183E-215	653
C4ZZX9	Q8ZMA9	0.962	264	10	0	1	264	1	264	2.183E-215	653
C4ZZX9	C0PXI9	0.958	264	11	0	1	264	1	264	1.473E-214	651
C4ZZX9	Q8Z412	0.954	264	12	0	1	264	1	264	1.455E-213	648
C4ZZX9	A9MS82	0.950	264	13	0	1	264	1	264	4.573E-213	647
C4ZZX9	A4WE03	0.954	264	12	0	1	264	1	264	9.812E-213	646
C4ZZX9	A6TDG3	0.943	264	15	0	1	264	1	264	9.692E-212	643
C4ZZX9	A7MR31	0.920	264	21	0	1	264	1	264	2.855E-206	628
Q27828	Q27828	1.000	462	0	0	1	462	1	462	0.000E+00	1135
A1AWQ8	A1AWQ8	1.000	264	0	0	1	264	1	264	1.508E-216	657
A8GIH7	A8GIH7	1.000	264	0	0	1	264	1	264	4.850E-218	661
A8GIH7	A4WE03	0.928	264	19	0	1	264	1	264	4.013E-203	619
A8GIH7	Q6D8I6	0.916	264	22	0	1	264	1	264	1.845E-202	617
A8GIH7	A7FFE0	0.909	264	24	0	1	264	1	264	1.845E-202	617
A8GIH7	Q667F9	0.909	264	24	0	1	264	1	264	1.845E-202	617
A8GIH7	C6DAE9	0.912	264	23	0	1	264	1	264	5.794E-202	616
A8GIH7	Q7N8U4	0.912	264	23	0	1	264	1	264	1.819E-201	615
A8GIH7	A4TLC5	0.901	264	26	0	1	264	1	264	5.711E-201	613
A8GIH7	Q1CAR9	0.901	264	26	0	1	264	1	264	5.711E-201	613
A8GIH7	Q1CFB5	0.901	264	26	0	1	264	1	264	5.711E-201	613
A8GIH7	Q8ZHV1	0.901	264	26	0	1	264	1	264	5.711E-201	613
A8GIH7	A1JPC9	0.909	264	24	0	1	264	1	264	1.793E-200	612
A8GIH7	A8AP42	0.909	264	24	0	1	264	1	264	3.788E-199	608
A8GIH7	B7LNI2	0.901	264	26	0	1	264	1	264	5.547E-199	608
A8GIH7	A9N2L7	0.901	264	26	0	1	264	1	264	1.171E-197	604
A8GIH7	Q57KB6	0.901	264	26	0	1	264	1	264	1.171E-197	604
A8GIH7	Q5PEN6	0.901	264	26	0	1	264	1	264	1.171E-197	604
A8GIH7	Q8ZMA9	0.901	264	26	0	1	264	1	264	1.171E-197	604
A8GIH7	A7MR31	0.905	264	25	0	1	264	1	264	1.715E-197	603
A8GIH7	C0PXI9	0.901	264	26	0	1	264	1	264	3.676E-197	603
Q5F732	Q5F732	1.000	264	0	0	1	264	1	264	1.041E-217	660
Q5F732	A1KVB3	0.988	264	3	0	1	264	1	264	4.740E-216	655
Q5F732	Q9JT57	0.988	264	3	0	1	264	1	264	4.740E-216	655
Q5F732	Q9JY72	0.984	264	4	0	1	264	1	264	1.490E-215	654
B8DDM8	B8DDM8	1.000	314	0	0	1	314	1	314	2.370E-256	776
B8DDM8	Q71YE1	0.993	314	2	0	1	314	1	314	3.384E-254	770
B8DDM8	C1KWH4	0.990	314	3	0	1	314	1	314	1.557E-253	768
B8DDM8	Q8Y626	0.980	314	6	0	1	314	1	314	2.251E-252	764
B8DDM8	Q92AD4	0.984	314	5	0	1	314	1	314	3.297E-252	764
B8DDM8	A0AJY0	0.974	314	8	0	1	314	1	314	3.210E-250	758
Q5L9L6	Q5L9L6	1.000	264	0	0	1	264	1	264	7.186E-219	663
Q5L9L6	Q64PV5	0.996	264	1	0	1	264	1	264	3.311E-218	661
Q5L9L6	Q8A639	0.920	264	21	0	1	264	1	264	3.900E-201	614
A4VGL9	A4VGL9	1.000	264	0	0	1	264	1	264	3.348E-219	664
A4VGL9	A4Y044	0.939	264	16	0	1	264	1	264	9.451E-210	638
A4VGL9	A6UYE6	0.912	264	23	0	1	264	1	264	1.260E-202	618
A4VGL9	B7V2Q5	0.912	264	23	0	1	264	1	264	1.260E-202	618
A4VGL9	Q02U73	0.912	264	23	0	1	264	1	264	1.260E-202	618
A4VGL9	Q9I6F1	0.912	264	23	0	1	264	1	264	1.260E-202	618
A8FEB9	A8FEB9	1.000	264	0	0	1	264	1	264	7.186E-219	663
A1KAF7	A1KAF7	1.000	264	0	0	1	264	1	264	1.076E-220	668
A0LY29	A0LY29	1.000	274	0	0	1	274	1	274	6.254E-227	687
Q2SA17	Q2SA17	1.000	264	0	0	1	264	1	264	1.577E-220	668
Q89G35	Q89G35	1.000	264	0	0	1	264	1	264	4.795E-217	658
P12462	P12462	1.000	290	0	0	1	290	1	290	3.995E-240	727
A1UTA5	A1UTA5	1.000	264	0	0	1	264	1	264	3.235E-216	656
B7MZC6	A1AF39	1.000	264	0	0	1	264	1	264	1.088E-221	671
B7MZC6	A7ZQT3	1.000	264	0	0	1	264	1	264	1.088E-221	671
B7MZC6	B7LF04	1.000	264	0	0	1	264	1	264	1.088E-221	671
B7MZC6	B7LY83	1.000	264	0	0	1	264	1	264	1.088E-221	671
B7MZC6	B7MLH3	1.000	264	0	0	1	264	1	264	1.088E-221	671
B7MZC6	B7MZC6	1.000	264	0	0	1	264	1	264	1.088E-221	671
B7MZC6	B7N759	1.000	264	0	0	1	264	1	264	1.088E-221	671
B7MZC6	B7NVX2	1.000	264	0	0	1	264	1	264	1.088E-221	671
B7MZC6	B7UHP4	1.000	264	0	0	1	264	1	264	1.088E-221	671
B7MZC6	C4ZZX9	1.000	264	0	0	1	264	1	264	1.088E-221	671
B7MZC6	P0A884	1.000	264	0	0	1	264	1	264	1.088E-221	671
B7MZC6	P0A885	1.000	264	0	0	1	264	1	264	1.088E-221	671
B7MZC6	P0A886	1.000	264	0	0	1	264	1	264	1.088E-221	671
B7MZC6	Q0TE05	1.000	264	0	0	1	264	1	264	1.088E-221	671
B7MZC6	Q1R7I6	1.000	264	0	0	1	264	1	264	1.088E-221	671
B7MZC6	Q3YY33	1.000	264	0	0	1	264	1	264	1.088E-221	671
B7MZC6	P48464	0.996	264	1	0	1	264	1	264	1.594E-221	671
B7MZC6	Q0T137	0.996	264	1	0	1	264	1	264	1.594E-221	671
B7MZC6	A8A3W0	0.996	264	1	0	1	264	1	264	7.347E-221	669
B7MZC6	B1IU17	0.996	264	1	0	1	264	1	264	7.347E-221	669
B7MZC6	Q31XG0	0.996	264	1	0	1	264	1	264	2.311E-220	667
B7MZC6	Q32C94	0.992	264	2	0	1	264	1	264	3.385E-220	667
B7MZC6	B7LNI2	0.992	264	2	0	1	264	1	264	1.065E-219	665
B7MZC6	A8AP42	0.962	264	10	0	1	264	1	264	1.490E-215	654
B7MZC6	A9N2L7	0.962	264	10	0	1	264	1	264	2.183E-215	653
B7MZC6	Q57KB6	0.962	264	10	0	1	264	1	264	2.183E-215	653
B7MZC6	Q5PEN6	0.962	264	10	0	1	264	1	264	2.183E-215	653
B7MZC6	Q8ZMA9	0.962	264	10	0	1	264	1	264	2.183E-215	653
B7MZC6	C0PXI9	0.958	264	11	0	1	264	1	264	1.473E-214	651
B7MZC6	Q8Z412	0.954	264	12	0	1	264	1	264	1.455E-213	648
B7MZC6	A9MS82	0.950	264	13	0	1	264	1	264	4.573E-213	647
B7MZC6	A4WE03	0.954	264	12	0	1	264	1	264	9.812E-213	646
B7MZC6	A6TDG3	0.943	264	15	0	1	264	1	264	9.692E-212	643
B7MZC6	A7MR31	0.920	264	21	0	1	264	1	264	2.855E-206	628
C6DAE9	C6DAE9	1.000	264	0	0	1	264	1	264	2.285E-219	665
C6DAE9	Q6D8I6	0.984	264	4	0	1	264	1	264	3.235E-216	656
C6DAE9	A8GIH7	0.912	264	23	0	1	264	1	264	5.794E-202	616
C6DAE9	Q6REU8	0.901	264	26	0	1	264	1	264	8.121E-199	607
Q211X8	Q211X8	1.000	264	0	0	1	264	1	264	1.041E-217	660
Q04FR4	Q04FR4	1.000	319	0	0	1	319	1	319	3.241E-260	787
A6TDG3	A6TDG3	1.000	264	0	0	1	264	1	264	7.347E-221	669
A6TDG3	A1AF39	0.943	264	15	0	1	264	1	264	9.692E-212	643
A6TDG3	A7ZQT3	0.943	264	15	0	1	264	1	264	9.692E-212	643
A6TDG3	B7LF04	0.943	264	15	0	1	264	1	264	9.692E-212	643
A6TDG3	B7LY83	0.943	264	15	0	1	264	1	264	9.692E-212	643
A6TDG3	B7MLH3	0.943	264	15	0	1	264	1	264	9.692E-212	643
A6TDG3	B7MZC6	0.943	264	15	0	1	264	1	264	9.692E-212	643
A6TDG3	B7N759	0.943	264	15	0	1	264	1	264	9.692E-212	643
A6TDG3	B7NVX2	0.943	264	15	0	1	264	1	264	9.692E-212	643
A6TDG3	B7UHP4	0.943	264	15	0	1	264	1	264	9.692E-212	643
A6TDG3	C4ZZX9	0.943	264	15	0	1	264	1	264	9.692E-212	643
A6TDG3	P0A884	0.943	264	15	0	1	264	1	264	9.692E-212	643
A6TDG3	P0A885	0.943	264	15	0	1	264	1	264	9.692E-212	643
A6TDG3	P0A886	0.943	264	15	0	1	264	1	264	9.692E-212	643
A6TDG3	Q0TE05	0.943	264	15	0	1	264	1	264	9.692E-212	643
A6TDG3	Q1R7I6	0.943	264	15	0	1	264	1	264	9.692E-212	643
A6TDG3	Q3YY33	0.943	264	15	0	1	264	1	264	9.692E-212	643
A6TDG3	P48464	0.939	264	16	0	1	264	1	264	1.420E-211	643
A6TDG3	Q0T137	0.939	264	16	0	1	264	1	264	1.420E-211	643
A6TDG3	Q32C94	0.943	264	15	0	1	264	1	264	2.079E-211	642
A6TDG3	B7LNI2	0.943	264	15	0	1	264	1	264	6.535E-211	641
A6TDG3	A8A3W0	0.939	264	16	0	1	264	1	264	6.535E-211	641
A6TDG3	B1IU17	0.939	264	16	0	1	264	1	264	6.535E-211	641
A6TDG3	A8AP42	0.946	264	14	0	1	264	1	264	6.535E-211	641
A6TDG3	Q31XG0	0.939	264	16	0	1	264	1	264	2.054E-210	640
A6TDG3	A9N2L7	0.935	264	17	0	1	264	1	264	1.367E-208	634
A6TDG3	Q57KB6	0.935	264	17	0	1	264	1	264	1.367E-208	634
A6TDG3	Q5PEN6	0.935	264	17	0	1	264	1	264	1.367E-208	634
A6TDG3	Q8ZMA9	0.935	264	17	0	1	264	1	264	1.367E-208	634
A6TDG3	A4WE03	0.928	264	19	0	1	264	1	264	9.210E-208	632
A6TDG3	C0PXI9	0.931	264	18	0	1	264	1	264	9.210E-208	632
A6TDG3	Q8Z412	0.928	264	19	0	1	264	1	264	9.089E-207	629
A6TDG3	A9MS82	0.920	264	21	0	1	264	1	264	4.181E-206	628
A6TDG3	A7MR31	0.909	264	24	0	1	264	1	264	5.876E-203	619
Q9JY72	Q9JY72	1.000	264	0	0	1	264	1	264	4.850E-218	661
Q9JY72	A1KVB3	0.996	264	1	0	1	264	1	264	1.525E-217	659
Q9JY72	Q9JT57	0.996	264	1	0	1	264	1	264	1.525E-217	659
Q9JY72	Q5F732	0.984	264	4	0	1	264	1	264	1.490E-215	654
Q0VM06	Q0VM06	1.000	277	0	0	1	277	1	277	9.442E-229	693
Q27793	Q27793	1.000	521	0	0	1	521	1	521	0.000E+00	1275
B8D7X0	B8D7X0	1.000	264	0	0	1	264	1	264	7.186E-219	663
B8D7X0	P57515	0.996	264	1	0	1	264	1	264	2.260E-218	662
B8D7X0	B8D9L8	0.996	264	1	0	1	264	1	264	3.311E-218	661
A6GWH3	A6GWH3	1.000	274	0	0	1	274	1	274	1.921E-224	680
Q7WP13	Q7W1A9	1.000	323	0	0	1	323	1	323	8.785E-268	809
Q7WP13	Q7WP13	1.000	323	0	0	1	323	1	323	8.785E-268	809
Q7WP13	Q7VUE3	0.987	323	4	0	1	323	1	323	1.224E-263	797
A7FFE0	A7FFE0	1.000	264	0	0	1	264	1	264	7.267E-220	666
A7FFE0	Q667F9	1.000	264	0	0	1	264	1	264	7.267E-220	666
A7FFE0	A4TLC5	0.992	264	2	0	1	264	1	264	2.260E-218	662
A7FFE0	Q1CAR9	0.992	264	2	0	1	264	1	264	2.260E-218	662
A7FFE0	Q1CFB5	0.992	264	2	0	1	264	1	264	2.260E-218	662
A7FFE0	Q8ZHV1	0.992	264	2	0	1	264	1	264	2.260E-218	662
A7FFE0	A1JPC9	0.943	264	15	0	1	264	1	264	1.976E-207	631
A7FFE0	Q6D8I6	0.901	264	26	0	1	264	1	264	1.871E-203	620
A7FFE0	A8GIH7	0.909	264	24	0	1	264	1	264	1.845E-202	617
Q89940	Q89940	1.000	289	0	0	1	289	1	289	4.962E-237	718
Q14H07	Q14H07	1.000	274	0	0	1	274	1	274	9.057E-226	684
Q14H07	Q5NFK5	1.000	274	0	0	1	274	1	274	9.057E-226	684
Q9XC19	Q9XC19	1.000	289	0	0	1	289	1	289	1.078E-237	720
Q8DER9	Q8DER9	1.000	283	0	0	1	283	1	283	2.279E-237	718
Q8DER9	Q7MNN6	0.996	283	1	0	1	283	1	283	7.168E-237	716
Q8DER9	Q87SA0	0.975	283	7	0	1	283	1	283	3.115E-231	701
Q8DER9	A7MXJ9	0.950	283	14	0	1	283	1	283	1.364E-226	688
Q8DER9	B7VJ78	0.908	283	26	0	1	283	1	283	1.207E-217	663
Q8DER9	A5F8Y6	0.911	283	25	0	1	283	1	283	2.551E-216	659
Q31XG0	Q31XG0	1.000	264	0	0	1	264	1	264	2.336E-221	670
Q31XG0	A1AF39	0.996	264	1	0	1	264	1	264	2.311E-220	667
Q31XG0	A7ZQT3	0.996	264	1	0	1	264	1	264	2.311E-220	667
Q31XG0	B7LF04	0.996	264	1	0	1	264	1	264	2.311E-220	667
Q31XG0	B7LY83	0.996	264	1	0	1	264	1	264	2.311E-220	667
Q31XG0	B7MLH3	0.996	264	1	0	1	264	1	264	2.311E-220	667
Q31XG0	B7MZC6	0.996	264	1	0	1	264	1	264	2.311E-220	667
Q31XG0	B7N759	0.996	264	1	0	1	264	1	264	2.311E-220	667
Q31XG0	B7NVX2	0.996	264	1	0	1	264	1	264	2.311E-220	667
Q31XG0	B7UHP4	0.996	264	1	0	1	264	1	264	2.311E-220	667
Q31XG0	C4ZZX9	0.996	264	1	0	1	264	1	264	2.311E-220	667
Q31XG0	P0A884	0.996	264	1	0	1	264	1	264	2.311E-220	667
Q31XG0	P0A885	0.996	264	1	0	1	264	1	264	2.311E-220	667
Q31XG0	P0A886	0.996	264	1	0	1	264	1	264	2.311E-220	667
Q31XG0	Q0TE05	0.996	264	1	0	1	264	1	264	2.311E-220	667
Q31XG0	Q1R7I6	0.996	264	1	0	1	264	1	264	2.311E-220	667
Q31XG0	Q3YY33	0.996	264	1	0	1	264	1	264	2.311E-220	667
Q31XG0	P48464	0.992	264	2	0	1	264	1	264	3.385E-220	667
Q31XG0	Q0T137	0.992	264	2	0	1	264	1	264	3.385E-220	667
Q31XG0	A8A3W0	0.992	264	2	0	1	264	1	264	1.560E-219	665
Q31XG0	B1IU17	0.992	264	2	0	1	264	1	264	1.560E-219	665
Q31XG0	Q32C94	0.988	264	3	0	1	264	1	264	7.186E-219	663
Q31XG0	B7LNI2	0.988	264	3	0	1	264	1	264	2.260E-218	662
Q31XG0	A8AP42	0.958	264	11	0	1	264	1	264	3.160E-214	650
Q31XG0	A9N2L7	0.958	264	11	0	1	264	1	264	4.629E-214	650
Q31XG0	Q57KB6	0.958	264	11	0	1	264	1	264	4.629E-214	650
Q31XG0	Q5PEN6	0.958	264	11	0	1	264	1	264	4.629E-214	650
Q31XG0	Q8ZMA9	0.958	264	11	0	1	264	1	264	4.629E-214	650
Q31XG0	C0PXI9	0.954	264	12	0	1	264	1	264	3.122E-213	647
Q31XG0	Q8Z412	0.950	264	13	0	1	264	1	264	3.084E-212	645
Q31XG0	A9MS82	0.946	264	14	0	1	264	1	264	9.692E-212	643
Q31XG0	A4WE03	0.950	264	13	0	1	264	1	264	2.079E-211	642
Q31XG0	A6TDG3	0.939	264	16	0	1	264	1	264	2.054E-210	640
Q31XG0	A7MR31	0.916	264	22	0	1	264	1	264	6.041E-205	624
A7MR31	A7MR31	1.000	264	0	0	1	264	1	264	1.076E-220	668
A7MR31	A1AF39	0.920	264	21	0	1	264	1	264	2.855E-206	628
A7MR31	A7ZQT3	0.920	264	21	0	1	264	1	264	2.855E-206	628
A7MR31	B7LF04	0.920	264	21	0	1	264	1	264	2.855E-206	628
A7MR31	B7LY83	0.920	264	21	0	1	264	1	264	2.855E-206	628
A7MR31	B7MLH3	0.920	264	21	0	1	264	1	264	2.855E-206	628
A7MR31	B7MZC6	0.920	264	21	0	1	264	1	264	2.855E-206	628
A7MR31	B7N759	0.920	264	21	0	1	264	1	264	2.855E-206	628
A7MR31	B7NVX2	0.920	264	21	0	1	264	1	264	2.855E-206	628
A7MR31	B7UHP4	0.920	264	21	0	1	264	1	264	2.855E-206	628
A7MR31	C4ZZX9	0.920	264	21	0	1	264	1	264	2.855E-206	628
A7MR31	P0A884	0.920	264	21	0	1	264	1	264	2.855E-206	628
A7MR31	P0A885	0.920	264	21	0	1	264	1	264	2.855E-206	628
A7MR31	P0A886	0.920	264	21	0	1	264	1	264	2.855E-206	628
A7MR31	Q0TE05	0.920	264	21	0	1	264	1	264	2.855E-206	628
A7MR31	Q1R7I6	0.920	264	21	0	1	264	1	264	2.855E-206	628
A7MR31	Q3YY33	0.920	264	21	0	1	264	1	264	2.855E-206	628
A7MR31	P48464	0.916	264	22	0	1	264	1	264	4.181E-206	628
A7MR31	Q0T137	0.916	264	22	0	1	264	1	264	4.181E-206	628
A7MR31	Q32C94	0.920	264	21	0	1	264	1	264	6.124E-206	627
A7MR31	B7LNI2	0.920	264	21	0	1	264	1	264	1.923E-205	626
A7MR31	A8A3W0	0.916	264	22	0	1	264	1	264	1.923E-205	626
A7MR31	B1IU17	0.916	264	22	0	1	264	1	264	1.923E-205	626
A7MR31	Q31XG0	0.916	264	22	0	1	264	1	264	6.041E-205	624
A7MR31	A9N2L7	0.916	264	22	0	1	264	1	264	4.069E-204	622
A7MR31	Q57KB6	0.916	264	22	0	1	264	1	264	4.069E-204	622
A7MR31	Q5PEN6	0.916	264	22	0	1	264	1	264	4.069E-204	622
A7MR31	Q8ZMA9	0.916	264	22	0	1	264	1	264	4.069E-204	622
A7MR31	C0PXI9	0.912	264	23	0	1	264	1	264	2.740E-203	620
A7MR31	A8AP42	0.912	264	23	0	1	264	1	264	4.013E-203	619
A7MR31	A6TDG3	0.909	264	24	0	1	264	1	264	5.876E-203	619
A7MR31	A9MS82	0.909	264	24	0	1	264	1	264	1.845E-202	617
A7MR31	Q8Z412	0.909	264	24	0	1	264	1	264	2.702E-202	617
A7MR31	A4WE03	0.916	264	22	0	1	264	1	264	3.957E-202	616
A7MR31	A8GIH7	0.905	264	25	0	1	264	1	264	1.715E-197	603
Q83BG2	A9KF61	1.000	264	0	0	1	264	1	264	1.065E-219	665
Q83BG2	A9N980	1.000	264	0	0	1	264	1	264	1.065E-219	665
Q83BG2	Q83BG2	1.000	264	0	0	1	264	1	264	1.065E-219	665
Q1CAR9	A4TLC5	1.000	264	0	0	1	264	1	264	1.065E-219	665
Q1CAR9	Q1CAR9	1.000	264	0	0	1	264	1	264	1.065E-219	665
Q1CAR9	Q1CFB5	1.000	264	0	0	1	264	1	264	1.065E-219	665
Q1CAR9	Q8ZHV1	1.000	264	0	0	1	264	1	264	1.065E-219	665
Q1CAR9	A7FFE0	0.992	264	2	0	1	264	1	264	2.260E-218	662
Q1CAR9	Q667F9	0.992	264	2	0	1	264	1	264	2.260E-218	662
Q1CAR9	A1JPC9	0.935	264	17	0	1	264	1	264	6.124E-206	627
Q1CAR9	A8GIH7	0.901	264	26	0	1	264	1	264	5.711E-201	613
P59427	P59427	1.000	264	0	0	1	264	1	264	1.076E-220	668
A8H1B4	A8H1B4	1.000	283	0	0	1	283	1	283	1.026E-234	710
A8H1B4	B0TIU4	0.939	283	17	0	1	283	1	283	2.776E-222	676
A8H1B4	B8CQK7	0.904	283	27	0	1	283	1	283	7.654E-213	649
Q168V8	Q168V8	1.000	277	0	0	1	277	1	277	1.367E-227	690
Q0K889	Q0K889	1.000	264	0	0	1	264	1	264	2.285E-219	665
A1U3D8	A1U3D8	1.000	279	0	0	1	279	1	279	8.449E-230	696
B7LF04	A1AF39	1.000	264	0	0	1	264	1	264	1.088E-221	671
B7LF04	A7ZQT3	1.000	264	0	0	1	264	1	264	1.088E-221	671
B7LF04	B7LF04	1.000	264	0	0	1	264	1	264	1.088E-221	671
B7LF04	B7LY83	1.000	264	0	0	1	264	1	264	1.088E-221	671
B7LF04	B7MLH3	1.000	264	0	0	1	264	1	264	1.088E-221	671
B7LF04	B7MZC6	1.000	264	0	0	1	264	1	264	1.088E-221	671
B7LF04	B7N759	1.000	264	0	0	1	264	1	264	1.088E-221	671
B7LF04	B7NVX2	1.000	264	0	0	1	264	1	264	1.088E-221	671
B7LF04	B7UHP4	1.000	264	0	0	1	264	1	264	1.088E-221	671
B7LF04	C4ZZX9	1.000	264	0	0	1	264	1	264	1.088E-221	671
B7LF04	P0A884	1.000	264	0	0	1	264	1	264	1.088E-221	671
B7LF04	P0A885	1.000	264	0	0	1	264	1	264	1.088E-221	671
B7LF04	P0A886	1.000	264	0	0	1	264	1	264	1.088E-221	671
B7LF04	Q0TE05	1.000	264	0	0	1	264	1	264	1.088E-221	671
B7LF04	Q1R7I6	1.000	264	0	0	1	264	1	264	1.088E-221	671
B7LF04	Q3YY33	1.000	264	0	0	1	264	1	264	1.088E-221	671
B7LF04	P48464	0.996	264	1	0	1	264	1	264	1.594E-221	671
B7LF04	Q0T137	0.996	264	1	0	1	264	1	264	1.594E-221	671
B7LF04	A8A3W0	0.996	264	1	0	1	264	1	264	7.347E-221	669
B7LF04	B1IU17	0.996	264	1	0	1	264	1	264	7.347E-221	669
B7LF04	Q31XG0	0.996	264	1	0	1	264	1	264	2.311E-220	667
B7LF04	Q32C94	0.992	264	2	0	1	264	1	264	3.385E-220	667
B7LF04	B7LNI2	0.992	264	2	0	1	264	1	264	1.065E-219	665
B7LF04	A8AP42	0.962	264	10	0	1	264	1	264	1.490E-215	654
B7LF04	A9N2L7	0.962	264	10	0	1	264	1	264	2.183E-215	653
B7LF04	Q57KB6	0.962	264	10	0	1	264	1	264	2.183E-215	653
B7LF04	Q5PEN6	0.962	264	10	0	1	264	1	264	2.183E-215	653
B7LF04	Q8ZMA9	0.962	264	10	0	1	264	1	264	2.183E-215	653
B7LF04	C0PXI9	0.958	264	11	0	1	264	1	264	1.473E-214	651
B7LF04	Q8Z412	0.954	264	12	0	1	264	1	264	1.455E-213	648
B7LF04	A9MS82	0.950	264	13	0	1	264	1	264	4.573E-213	647
B7LF04	A4WE03	0.954	264	12	0	1	264	1	264	9.812E-213	646
B7LF04	A6TDG3	0.943	264	15	0	1	264	1	264	9.692E-212	643
B7LF04	A7MR31	0.920	264	21	0	1	264	1	264	2.855E-206	628
Q6D8I6	Q6D8I6	1.000	264	0	0	1	264	1	264	1.560E-219	665
Q6D8I6	C6DAE9	0.984	264	4	0	1	264	1	264	3.235E-216	656
Q6D8I6	A7FFE0	0.901	264	26	0	1	264	1	264	1.871E-203	620
Q6D8I6	Q667F9	0.901	264	26	0	1	264	1	264	1.871E-203	620
Q6D8I6	A8GIH7	0.916	264	22	0	1	264	1	264	1.845E-202	617
P0CI79	P0CI79	1.000	279	0	0	1	279	1	279	8.647E-232	702
P0CI79	Q5D189	0.982	279	5	0	1	279	1	279	1.792E-228	692
P0CI79	P07606	0.971	279	8	0	1	279	1	279	8.052E-226	685
P0CI79	E0TVT6	0.967	279	9	0	1	279	1	279	7.953E-225	682
P0CI79	Q9ANR7	0.942	279	16	0	1	279	1	279	5.090E-220	669
A3PLD1	A3PLD1	1.000	298	0	0	1	298	1	298	1.165E-242	735
A3PLD1	Q3J0W9	0.979	298	6	0	1	298	1	298	2.374E-238	723
Q59212	Q59212	1.000	279	0	0	1	279	1	279	3.983E-231	700
Q59212	Q65J44	1.000	279	0	0	1	279	1	279	3.983E-231	700
Q64PV5	Q64PV5	1.000	264	0	0	1	264	1	264	7.186E-219	663
Q64PV5	Q5L9L6	0.996	264	1	0	1	264	1	264	3.311E-218	661
Q64PV5	Q8A639	0.916	264	22	0	1	264	1	264	1.793E-200	612
Q9K7B5	Q9K7B5	1.000	264	0	0	1	264	1	264	3.273E-217	659
A9L5M3	A6WKP4	1.000	264	0	0	1	264	1	264	4.795E-217	658
A9L5M3	A9L5M3	1.000	264	0	0	1	264	1	264	4.795E-217	658
A9L5M3	B8EBR5	0.996	264	1	0	1	264	1	264	1.508E-216	657
A9L5M3	A3D1U3	0.996	264	1	0	1	264	1	264	2.209E-216	656
A9L5M3	A1RME0	0.962	264	10	0	1	264	1	264	2.054E-210	640
A9L5M3	A4Y4J1	0.962	264	10	0	1	264	1	264	2.054E-210	640
A9L5M3	Q0HG85	0.954	264	12	0	1	264	1	264	2.028E-209	637
A9L5M3	Q0HSH8	0.954	264	12	0	1	264	1	264	2.028E-209	637
A9L5M3	Q8EH94	0.950	264	13	0	1	264	1	264	2.932E-208	634
A9L5M3	A0KZP5	0.950	264	13	0	1	264	1	264	9.210E-208	632
P12461	P12461	1.000	315	0	0	1	315	1	315	1.336E-261	790
A1VQZ6	A1VQZ6	1.000	276	0	0	1	276	1	276	3.864E-229	694
Q6F145	Q6F145	1.000	288	0	0	1	288	1	288	4.412E-238	721
A6W1R4	A6W1R4	1.000	283	0	0	1	283	1	283	2.203E-234	709
Q8EH94	Q8EH94	1.000	264	0	0	1	264	1	264	4.795E-217	658
Q8EH94	Q0HG85	0.981	264	5	0	1	264	1	264	4.629E-214	650
Q8EH94	Q0HSH8	0.981	264	5	0	1	264	1	264	4.629E-214	650
Q8EH94	A0KZP5	0.969	264	8	0	1	264	1	264	3.046E-211	642
Q8EH94	A3D1U3	0.954	264	12	0	1	264	1	264	9.331E-209	635
Q8EH94	B8EBR5	0.954	264	12	0	1	264	1	264	9.331E-209	635
Q8EH94	A1RME0	0.950	264	13	0	1	264	1	264	2.002E-208	634
Q8EH94	A4Y4J1	0.950	264	13	0	1	264	1	264	2.002E-208	634
Q8EH94	A6WKP4	0.950	264	13	0	1	264	1	264	2.932E-208	634
Q8EH94	A9L5M3	0.950	264	13	0	1	264	1	264	2.932E-208	634
A5II41	A5II41	1.000	264	0	0	1	264	1	264	2.209E-216	656
A5II41	Q5X119	0.996	264	1	0	1	264	1	264	6.943E-216	655
A5II41	Q5WSU5	0.981	264	5	0	1	264	1	264	2.079E-211	642
A5II41	Q5ZRL3	0.973	264	7	0	1	264	1	264	9.572E-211	640
C5BMA3	C5BMA3	1.000	277	0	0	1	277	1	277	9.332E-228	690
B7LNI2	B7LNI2	1.000	264	0	0	1	264	1	264	5.015E-221	669
B7LNI2	A1AF39	0.992	264	2	0	1	264	1	264	1.065E-219	665
B7LNI2	A7ZQT3	0.992	264	2	0	1	264	1	264	1.065E-219	665
B7LNI2	B7LF04	0.992	264	2	0	1	264	1	264	1.065E-219	665
B7LNI2	B7LY83	0.992	264	2	0	1	264	1	264	1.065E-219	665
B7LNI2	B7MLH3	0.992	264	2	0	1	264	1	264	1.065E-219	665
B7LNI2	B7MZC6	0.992	264	2	0	1	264	1	264	1.065E-219	665
B7LNI2	B7N759	0.992	264	2	0	1	264	1	264	1.065E-219	665
B7LNI2	B7NVX2	0.992	264	2	0	1	264	1	264	1.065E-219	665
B7LNI2	B7UHP4	0.992	264	2	0	1	264	1	264	1.065E-219	665
B7LNI2	C4ZZX9	0.992	264	2	0	1	264	1	264	1.065E-219	665
B7LNI2	P0A884	0.992	264	2	0	1	264	1	264	1.065E-219	665
B7LNI2	P0A885	0.992	264	2	0	1	264	1	264	1.065E-219	665
B7LNI2	P0A886	0.992	264	2	0	1	264	1	264	1.065E-219	665
B7LNI2	Q0TE05	0.992	264	2	0	1	264	1	264	1.065E-219	665
B7LNI2	Q1R7I6	0.992	264	2	0	1	264	1	264	1.065E-219	665
B7LNI2	Q3YY33	0.992	264	2	0	1	264	1	264	1.065E-219	665
B7LNI2	P48464	0.988	264	3	0	1	264	1	264	1.560E-219	665
B7LNI2	Q0T137	0.988	264	3	0	1	264	1	264	1.560E-219	665
B7LNI2	Q32C94	0.992	264	2	0	1	264	1	264	2.285E-219	665
B7LNI2	A8A3W0	0.988	264	3	0	1	264	1	264	7.186E-219	663
B7LNI2	B1IU17	0.988	264	3	0	1	264	1	264	7.186E-219	663
B7LNI2	Q31XG0	0.988	264	3	0	1	264	1	264	2.260E-218	662
B7LNI2	A8AP42	0.965	264	9	0	1	264	1	264	2.209E-216	656
B7LNI2	A9N2L7	0.965	264	9	0	1	264	1	264	3.235E-216	656
B7LNI2	Q57KB6	0.965	264	9	0	1	264	1	264	3.235E-216	656
B7LNI2	Q5PEN6	0.965	264	9	0	1	264	1	264	3.235E-216	656
B7LNI2	Q8ZMA9	0.965	264	9	0	1	264	1	264	3.235E-216	656
B7LNI2	C0PXI9	0.962	264	10	0	1	264	1	264	2.183E-215	653
B7LNI2	Q8Z412	0.958	264	11	0	1	264	1	264	2.157E-214	651
B7LNI2	A9MS82	0.954	264	12	0	1	264	1	264	6.780E-214	649
B7LNI2	A4WE03	0.958	264	11	0	1	264	1	264	1.455E-213	648
B7LNI2	A6TDG3	0.943	264	15	0	1	264	1	264	6.535E-211	641
B7LNI2	A7MR31	0.920	264	21	0	1	264	1	264	1.923E-205	626
B7LNI2	A8GIH7	0.901	264	26	0	1	264	1	264	5.547E-199	608
A9MS82	A9MS82	1.000	264	0	0	1	264	1	264	3.423E-221	670
A9MS82	A9N2L7	0.973	264	7	0	1	264	1	264	6.943E-216	655
A9MS82	Q57KB6	0.973	264	7	0	1	264	1	264	6.943E-216	655
A9MS82	Q5PEN6	0.973	264	7	0	1	264	1	264	6.943E-216	655
A9MS82	Q8ZMA9	0.973	264	7	0	1	264	1	264	6.943E-216	655
A9MS82	C0PXI9	0.969	264	8	0	1	264	1	264	4.684E-215	653
A9MS82	Q8Z412	0.965	264	9	0	1	264	1	264	4.629E-214	650
A9MS82	B7LNI2	0.954	264	12	0	1	264	1	264	6.780E-214	649
A9MS82	A1AF39	0.950	264	13	0	1	264	1	264	4.573E-213	647
A9MS82	A7ZQT3	0.950	264	13	0	1	264	1	264	4.573E-213	647
A9MS82	B7LF04	0.950	264	13	0	1	264	1	264	4.573E-213	647
A9MS82	B7LY83	0.950	264	13	0	1	264	1	264	4.573E-213	647
A9MS82	B7MLH3	0.950	264	13	0	1	264	1	264	4.573E-213	647
A9MS82	B7MZC6	0.950	264	13	0	1	264	1	264	4.573E-213	647
A9MS82	B7N759	0.950	264	13	0	1	264	1	264	4.573E-213	647
A9MS82	B7NVX2	0.950	264	13	0	1	264	1	264	4.573E-213	647
A9MS82	B7UHP4	0.950	264	13	0	1	264	1	264	4.573E-213	647
A9MS82	C4ZZX9	0.950	264	13	0	1	264	1	264	4.573E-213	647
A9MS82	P0A884	0.950	264	13	0	1	264	1	264	4.573E-213	647
A9MS82	P0A885	0.950	264	13	0	1	264	1	264	4.573E-213	647
A9MS82	P0A886	0.950	264	13	0	1	264	1	264	4.573E-213	647
A9MS82	Q0TE05	0.950	264	13	0	1	264	1	264	4.573E-213	647
A9MS82	Q1R7I6	0.950	264	13	0	1	264	1	264	4.573E-213	647
A9MS82	Q3YY33	0.950	264	13	0	1	264	1	264	4.573E-213	647
A9MS82	A8AP42	0.950	264	13	0	1	264	1	264	6.699E-213	646
A9MS82	P48464	0.946	264	14	0	1	264	1	264	6.699E-213	646
A9MS82	Q0T137	0.946	264	14	0	1	264	1	264	6.699E-213	646
A9MS82	Q32C94	0.950	264	13	0	1	264	1	264	9.812E-213	646
A9MS82	A8A3W0	0.946	264	14	0	1	264	1	264	3.084E-212	645
A9MS82	B1IU17	0.946	264	14	0	1	264	1	264	3.084E-212	645
A9MS82	Q31XG0	0.946	264	14	0	1	264	1	264	9.692E-212	643
A9MS82	A4WE03	0.943	264	15	0	1	264	1	264	3.008E-210	639
A9MS82	A6TDG3	0.920	264	21	0	1	264	1	264	4.181E-206	628
A9MS82	A7MR31	0.909	264	24	0	1	264	1	264	1.845E-202	617
B0TIU4	B0TIU4	1.000	283	0	0	1	283	1	283	1.486E-233	707
B0TIU4	A8H1B4	0.939	283	17	0	1	283	1	283	2.776E-222	676
B0TIU4	B8CQK7	0.915	283	24	0	1	283	1	283	1.172E-215	657
Q49XN8	Q49XN8	1.000	318	0	0	1	318	1	318	1.378E-263	796
Q8ZMA9	A9N2L7	1.000	264	0	0	1	264	1	264	7.347E-221	669
Q8ZMA9	Q57KB6	1.000	264	0	0	1	264	1	264	7.347E-221	669
Q8ZMA9	Q5PEN6	1.000	264	0	0	1	264	1	264	7.347E-221	669
Q8ZMA9	Q8ZMA9	1.000	264	0	0	1	264	1	264	7.347E-221	669
Q8ZMA9	C0PXI9	0.996	264	1	0	1	264	1	264	4.960E-220	666
Q8ZMA9	Q8Z412	0.992	264	2	0	1	264	1	264	4.905E-219	664
Q8ZMA9	B7LNI2	0.965	264	9	0	1	264	1	264	3.235E-216	656
Q8ZMA9	A9MS82	0.973	264	7	0	1	264	1	264	6.943E-216	655
Q8ZMA9	A1AF39	0.962	264	10	0	1	264	1	264	2.183E-215	653
Q8ZMA9	A7ZQT3	0.962	264	10	0	1	264	1	264	2.183E-215	653
Q8ZMA9	B7LF04	0.962	264	10	0	1	264	1	264	2.183E-215	653
Q8ZMA9	B7LY83	0.962	264	10	0	1	264	1	264	2.183E-215	653
Q8ZMA9	B7MLH3	0.962	264	10	0	1	264	1	264	2.183E-215	653
Q8ZMA9	B7MZC6	0.962	264	10	0	1	264	1	264	2.183E-215	653
Q8ZMA9	B7N759	0.962	264	10	0	1	264	1	264	2.183E-215	653
Q8ZMA9	B7NVX2	0.962	264	10	0	1	264	1	264	2.183E-215	653
Q8ZMA9	B7UHP4	0.962	264	10	0	1	264	1	264	2.183E-215	653
Q8ZMA9	C4ZZX9	0.962	264	10	0	1	264	1	264	2.183E-215	653
Q8ZMA9	P0A884	0.962	264	10	0	1	264	1	264	2.183E-215	653
Q8ZMA9	P0A885	0.962	264	10	0	1	264	1	264	2.183E-215	653
Q8ZMA9	P0A886	0.962	264	10	0	1	264	1	264	2.183E-215	653
Q8ZMA9	Q0TE05	0.962	264	10	0	1	264	1	264	2.183E-215	653
Q8ZMA9	Q1R7I6	0.962	264	10	0	1	264	1	264	2.183E-215	653
Q8ZMA9	Q3YY33	0.962	264	10	0	1	264	1	264	2.183E-215	653
Q8ZMA9	A8AP42	0.962	264	10	0	1	264	1	264	3.198E-215	653
Q8ZMA9	P48464	0.958	264	11	0	1	264	1	264	3.198E-215	653
Q8ZMA9	Q0T137	0.958	264	11	0	1	264	1	264	3.198E-215	653
Q8ZMA9	Q32C94	0.962	264	10	0	1	264	1	264	4.684E-215	653
Q8ZMA9	A8A3W0	0.958	264	11	0	1	264	1	264	1.473E-214	651
Q8ZMA9	B1IU17	0.958	264	11	0	1	264	1	264	1.473E-214	651
Q8ZMA9	Q31XG0	0.958	264	11	0	1	264	1	264	4.629E-214	650
Q8ZMA9	A4WE03	0.946	264	14	0	1	264	1	264	3.046E-211	642
Q8ZMA9	A6TDG3	0.935	264	17	0	1	264	1	264	1.367E-208	634
Q8ZMA9	A7MR31	0.916	264	22	0	1	264	1	264	4.069E-204	622
Q8ZMA9	Q6REU8	0.901	264	26	0	1	264	1	264	1.767E-199	609
Q8ZMA9	Q7N8U4	0.905	264	25	0	1	264	1	264	3.732E-198	605
Q8ZMA9	A8GIH7	0.901	264	26	0	1	264	1	264	1.171E-197	604
Q8D2N4	Q8D2N4	1.000	264	0	0	1	264	1	264	3.311E-218	661
C1DK16	C1DK16	1.000	264	0	0	1	264	1	264	1.560E-219	665
P78029	P78029	1.000	287	0	0	1	287	1	287	1.785E-237	719
A5UI47	A5UI47	1.000	283	0	0	1	283	1	283	3.190E-233	706
A5UI47	A5UDH0	0.996	283	1	0	1	283	1	283	3.152E-232	703
A5UI47	P44420	0.992	283	2	0	1	283	1	283	2.126E-231	701
A5UI47	Q4QM04	0.985	283	4	0	1	283	1	283	9.671E-230	696
Q9Z671	Q9Z671	1.000	296	0	0	1	296	1	296	1.860E-239	726
B7MLH3	A1AF39	1.000	264	0	0	1	264	1	264	1.088E-221	671
B7MLH3	A7ZQT3	1.000	264	0	0	1	264	1	264	1.088E-221	671
B7MLH3	B7LF04	1.000	264	0	0	1	264	1	264	1.088E-221	671
B7MLH3	B7LY83	1.000	264	0	0	1	264	1	264	1.088E-221	671
B7MLH3	B7MLH3	1.000	264	0	0	1	264	1	264	1.088E-221	671
B7MLH3	B7MZC6	1.000	264	0	0	1	264	1	264	1.088E-221	671
B7MLH3	B7N759	1.000	264	0	0	1	264	1	264	1.088E-221	671
B7MLH3	B7NVX2	1.000	264	0	0	1	264	1	264	1.088E-221	671
B7MLH3	B7UHP4	1.000	264	0	0	1	264	1	264	1.088E-221	671
B7MLH3	C4ZZX9	1.000	264	0	0	1	264	1	264	1.088E-221	671
B7MLH3	P0A884	1.000	264	0	0	1	264	1	264	1.088E-221	671
B7MLH3	P0A885	1.000	264	0	0	1	264	1	264	1.088E-221	671
B7MLH3	P0A886	1.000	264	0	0	1	264	1	264	1.088E-221	671
B7MLH3	Q0TE05	1.000	264	0	0	1	264	1	264	1.088E-221	671
B7MLH3	Q1R7I6	1.000	264	0	0	1	264	1	264	1.088E-221	671
B7MLH3	Q3YY33	1.000	264	0	0	1	264	1	264	1.088E-221	671
B7MLH3	P48464	0.996	264	1	0	1	264	1	264	1.594E-221	671
B7MLH3	Q0T137	0.996	264	1	0	1	264	1	264	1.594E-221	671
B7MLH3	A8A3W0	0.996	264	1	0	1	264	1	264	7.347E-221	669
B7MLH3	B1IU17	0.996	264	1	0	1	264	1	264	7.347E-221	669
B7MLH3	Q31XG0	0.996	264	1	0	1	264	1	264	2.311E-220	667
B7MLH3	Q32C94	0.992	264	2	0	1	264	1	264	3.385E-220	667
B7MLH3	B7LNI2	0.992	264	2	0	1	264	1	264	1.065E-219	665
B7MLH3	A8AP42	0.962	264	10	0	1	264	1	264	1.490E-215	654
B7MLH3	A9N2L7	0.962	264	10	0	1	264	1	264	2.183E-215	653
B7MLH3	Q57KB6	0.962	264	10	0	1	264	1	264	2.183E-215	653
B7MLH3	Q5PEN6	0.962	264	10	0	1	264	1	264	2.183E-215	653
B7MLH3	Q8ZMA9	0.962	264	10	0	1	264	1	264	2.183E-215	653
B7MLH3	C0PXI9	0.958	264	11	0	1	264	1	264	1.473E-214	651
B7MLH3	Q8Z412	0.954	264	12	0	1	264	1	264	1.455E-213	648
B7MLH3	A9MS82	0.950	264	13	0	1	264	1	264	4.573E-213	647
B7MLH3	A4WE03	0.954	264	12	0	1	264	1	264	9.812E-213	646
B7MLH3	A6TDG3	0.943	264	15	0	1	264	1	264	9.692E-212	643
B7MLH3	A7MR31	0.920	264	21	0	1	264	1	264	2.855E-206	628
A5F8Y6	A5F8Y6	1.000	283	0	0	1	283	1	283	1.538E-236	715
A5F8Y6	Q87SA0	0.922	283	22	0	1	283	1	283	1.793E-218	665
A5F8Y6	Q8DER9	0.911	283	25	0	1	283	1	283	2.551E-216	659
A5F8Y6	Q7MNN6	0.908	283	26	0	1	283	1	283	8.007E-216	658
A5F8Y6	A7MXJ9	0.901	283	28	0	1	283	1	283	5.308E-214	653
Q57KB6	A9N2L7	1.000	264	0	0	1	264	1	264	7.347E-221	669
Q57KB6	Q57KB6	1.000	264	0	0	1	264	1	264	7.347E-221	669
Q57KB6	Q5PEN6	1.000	264	0	0	1	264	1	264	7.347E-221	669
Q57KB6	Q8ZMA9	1.000	264	0	0	1	264	1	264	7.347E-221	669
Q57KB6	C0PXI9	0.996	264	1	0	1	264	1	264	4.960E-220	666
Q57KB6	Q8Z412	0.992	264	2	0	1	264	1	264	4.905E-219	664
Q57KB6	B7LNI2	0.965	264	9	0	1	264	1	264	3.235E-216	656
Q57KB6	A9MS82	0.973	264	7	0	1	264	1	264	6.943E-216	655
Q57KB6	A1AF39	0.962	264	10	0	1	264	1	264	2.183E-215	653
Q57KB6	A7ZQT3	0.962	264	10	0	1	264	1	264	2.183E-215	653
Q57KB6	B7LF04	0.962	264	10	0	1	264	1	264	2.183E-215	653
Q57KB6	B7LY83	0.962	264	10	0	1	264	1	264	2.183E-215	653
Q57KB6	B7MLH3	0.962	264	10	0	1	264	1	264	2.183E-215	653
Q57KB6	B7MZC6	0.962	264	10	0	1	264	1	264	2.183E-215	653
Q57KB6	B7N759	0.962	264	10	0	1	264	1	264	2.183E-215	653
Q57KB6	B7NVX2	0.962	264	10	0	1	264	1	264	2.183E-215	653
Q57KB6	B7UHP4	0.962	264	10	0	1	264	1	264	2.183E-215	653
Q57KB6	C4ZZX9	0.962	264	10	0	1	264	1	264	2.183E-215	653
Q57KB6	P0A884	0.962	264	10	0	1	264	1	264	2.183E-215	653
Q57KB6	P0A885	0.962	264	10	0	1	264	1	264	2.183E-215	653
Q57KB6	P0A886	0.962	264	10	0	1	264	1	264	2.183E-215	653
Q57KB6	Q0TE05	0.962	264	10	0	1	264	1	264	2.183E-215	653
Q57KB6	Q1R7I6	0.962	264	10	0	1	264	1	264	2.183E-215	653
Q57KB6	Q3YY33	0.962	264	10	0	1	264	1	264	2.183E-215	653
Q57KB6	A8AP42	0.962	264	10	0	1	264	1	264	3.198E-215	653
Q57KB6	P48464	0.958	264	11	0	1	264	1	264	3.198E-215	653
Q57KB6	Q0T137	0.958	264	11	0	1	264	1	264	3.198E-215	653
Q57KB6	Q32C94	0.962	264	10	0	1	264	1	264	4.684E-215	653
Q57KB6	A8A3W0	0.958	264	11	0	1	264	1	264	1.473E-214	651
Q57KB6	B1IU17	0.958	264	11	0	1	264	1	264	1.473E-214	651
Q57KB6	Q31XG0	0.958	264	11	0	1	264	1	264	4.629E-214	650
Q57KB6	A4WE03	0.946	264	14	0	1	264	1	264	3.046E-211	642
Q57KB6	A6TDG3	0.935	264	17	0	1	264	1	264	1.367E-208	634
Q57KB6	A7MR31	0.916	264	22	0	1	264	1	264	4.069E-204	622
Q57KB6	Q6REU8	0.901	264	26	0	1	264	1	264	1.767E-199	609
Q57KB6	Q7N8U4	0.905	264	25	0	1	264	1	264	3.732E-198	605
Q57KB6	A8GIH7	0.901	264	26	0	1	264	1	264	1.171E-197	604
B8D9L8	B8D9L8	1.000	264	0	0	1	264	1	264	7.186E-219	663
B8D9L8	B8D7X0	0.996	264	1	0	1	264	1	264	3.311E-218	661
B8D9L8	P57515	0.992	264	2	0	1	264	1	264	1.041E-217	660
Q3SQ36	Q3SQ36	1.000	264	0	0	1	264	1	264	7.106E-218	660
Q3SQ36	Q1QJT8	0.901	264	26	0	1	264	1	264	2.587E-199	609
B8ELI3	B8ELI3	1.000	269	0	0	1	269	1	269	4.472E-221	670
Q8EV81	Q8EV81	1.000	289	0	0	1	289	1	289	1.522E-234	711
P47469	P47469	1.000	287	0	0	1	287	1	287	5.347E-233	706
Q5D189	Q5D189	1.000	279	0	0	1	279	1	279	4.029E-232	702
Q5D189	P07606	0.982	279	5	0	1	279	1	279	1.792E-228	692
Q5D189	P0CI79	0.982	279	5	0	1	279	1	279	1.792E-228	692
Q5D189	E0TVT6	0.956	279	12	0	1	279	1	279	1.685E-223	678
Q5D189	Q9ANR7	0.931	279	19	0	1	279	1	279	1.077E-218	665
C4L1C9	C4L1C9	1.000	264	0	0	1	264	1	264	1.029E-216	657
Q07PP0	Q07PP0	1.000	298	0	0	1	298	1	298	2.561E-244	740
P0A886	A1AF39	1.000	264	0	0	1	264	1	264	1.088E-221	671
P0A886	A7ZQT3	1.000	264	0	0	1	264	1	264	1.088E-221	671
P0A886	B7LF04	1.000	264	0	0	1	264	1	264	1.088E-221	671
P0A886	B7LY83	1.000	264	0	0	1	264	1	264	1.088E-221	671
P0A886	B7MLH3	1.000	264	0	0	1	264	1	264	1.088E-221	671
P0A886	B7MZC6	1.000	264	0	0	1	264	1	264	1.088E-221	671
P0A886	B7N759	1.000	264	0	0	1	264	1	264	1.088E-221	671
P0A886	B7NVX2	1.000	264	0	0	1	264	1	264	1.088E-221	671
P0A886	B7UHP4	1.000	264	0	0	1	264	1	264	1.088E-221	671
P0A886	C4ZZX9	1.000	264	0	0	1	264	1	264	1.088E-221	671
P0A886	P0A884	1.000	264	0	0	1	264	1	264	1.088E-221	671
P0A886	P0A885	1.000	264	0	0	1	264	1	264	1.088E-221	671
P0A886	P0A886	1.000	264	0	0	1	264	1	264	1.088E-221	671
P0A886	Q0TE05	1.000	264	0	0	1	264	1	264	1.088E-221	671
P0A886	Q1R7I6	1.000	264	0	0	1	264	1	264	1.088E-221	671
P0A886	Q3YY33	1.000	264	0	0	1	264	1	264	1.088E-221	671
P0A886	P48464	0.996	264	1	0	1	264	1	264	1.594E-221	671
P0A886	Q0T137	0.996	264	1	0	1	264	1	264	1.594E-221	671
P0A886	A8A3W0	0.996	264	1	0	1	264	1	264	7.347E-221	669
P0A886	B1IU17	0.996	264	1	0	1	264	1	264	7.347E-221	669
P0A886	Q31XG0	0.996	264	1	0	1	264	1	264	2.311E-220	667
P0A886	Q32C94	0.992	264	2	0	1	264	1	264	3.385E-220	667
P0A886	B7LNI2	0.992	264	2	0	1	264	1	264	1.065E-219	665
P0A886	A8AP42	0.962	264	10	0	1	264	1	264	1.490E-215	654
P0A886	A9N2L7	0.962	264	10	0	1	264	1	264	2.183E-215	653
P0A886	Q57KB6	0.962	264	10	0	1	264	1	264	2.183E-215	653
P0A886	Q5PEN6	0.962	264	10	0	1	264	1	264	2.183E-215	653
P0A886	Q8ZMA9	0.962	264	10	0	1	264	1	264	2.183E-215	653
P0A886	C0PXI9	0.958	264	11	0	1	264	1	264	1.473E-214	651
P0A886	Q8Z412	0.954	264	12	0	1	264	1	264	1.455E-213	648
P0A886	A9MS82	0.950	264	13	0	1	264	1	264	4.573E-213	647
P0A886	A4WE03	0.954	264	12	0	1	264	1	264	9.812E-213	646
P0A886	A6TDG3	0.943	264	15	0	1	264	1	264	9.692E-212	643
P0A886	A7MR31	0.920	264	21	0	1	264	1	264	2.855E-206	628
P00471	P00471	1.000	286	0	0	1	286	1	286	3.326E-236	715
C0PXI9	C0PXI9	1.000	264	0	0	1	264	1	264	2.336E-221	670
C0PXI9	A9N2L7	0.996	264	1	0	1	264	1	264	4.960E-220	666
C0PXI9	Q57KB6	0.996	264	1	0	1	264	1	264	4.960E-220	666
C0PXI9	Q5PEN6	0.996	264	1	0	1	264	1	264	4.960E-220	666
C0PXI9	Q8ZMA9	0.996	264	1	0	1	264	1	264	4.960E-220	666
C0PXI9	Q8Z412	0.988	264	3	0	1	264	1	264	3.311E-218	661
C0PXI9	B7LNI2	0.962	264	10	0	1	264	1	264	2.183E-215	653
C0PXI9	A9MS82	0.969	264	8	0	1	264	1	264	4.684E-215	653
C0PXI9	A1AF39	0.958	264	11	0	1	264	1	264	1.473E-214	651
C0PXI9	A7ZQT3	0.958	264	11	0	1	264	1	264	1.473E-214	651
C0PXI9	B7LF04	0.958	264	11	0	1	264	1	264	1.473E-214	651
C0PXI9	B7LY83	0.958	264	11	0	1	264	1	264	1.473E-214	651
C0PXI9	B7MLH3	0.958	264	11	0	1	264	1	264	1.473E-214	651
C0PXI9	B7MZC6	0.958	264	11	0	1	264	1	264	1.473E-214	651
C0PXI9	B7N759	0.958	264	11	0	1	264	1	264	1.473E-214	651
C0PXI9	B7NVX2	0.958	264	11	0	1	264	1	264	1.473E-214	651
C0PXI9	B7UHP4	0.958	264	11	0	1	264	1	264	1.473E-214	651
C0PXI9	C4ZZX9	0.958	264	11	0	1	264	1	264	1.473E-214	651
C0PXI9	P0A884	0.958	264	11	0	1	264	1	264	1.473E-214	651
C0PXI9	P0A885	0.958	264	11	0	1	264	1	264	1.473E-214	651
C0PXI9	P0A886	0.958	264	11	0	1	264	1	264	1.473E-214	651
C0PXI9	Q0TE05	0.958	264	11	0	1	264	1	264	1.473E-214	651
C0PXI9	Q1R7I6	0.958	264	11	0	1	264	1	264	1.473E-214	651
C0PXI9	Q3YY33	0.958	264	11	0	1	264	1	264	1.473E-214	651
C0PXI9	A8AP42	0.958	264	11	0	1	264	1	264	2.157E-214	651
C0PXI9	P48464	0.954	264	12	0	1	264	1	264	2.157E-214	651
C0PXI9	Q0T137	0.954	264	12	0	1	264	1	264	2.157E-214	651
C0PXI9	Q32C94	0.958	264	11	0	1	264	1	264	3.160E-214	650
C0PXI9	A8A3W0	0.954	264	12	0	1	264	1	264	9.932E-214	649
C0PXI9	B1IU17	0.954	264	12	0	1	264	1	264	9.932E-214	649
C0PXI9	Q31XG0	0.954	264	12	0	1	264	1	264	3.122E-213	647
C0PXI9	A4WE03	0.943	264	15	0	1	264	1	264	2.054E-210	640
C0PXI9	A6TDG3	0.931	264	18	0	1	264	1	264	9.210E-208	632
C0PXI9	A7MR31	0.912	264	23	0	1	264	1	264	2.740E-203	620
C0PXI9	Q7N8U4	0.901	264	26	0	1	264	1	264	2.511E-197	603
C0PXI9	A8GIH7	0.901	264	26	0	1	264	1	264	3.676E-197	603
P0A885	A1AF39	1.000	264	0	0	1	264	1	264	1.088E-221	671
P0A885	A7ZQT3	1.000	264	0	0	1	264	1	264	1.088E-221	671
P0A885	B7LF04	1.000	264	0	0	1	264	1	264	1.088E-221	671
P0A885	B7LY83	1.000	264	0	0	1	264	1	264	1.088E-221	671
P0A885	B7MLH3	1.000	264	0	0	1	264	1	264	1.088E-221	671
P0A885	B7MZC6	1.000	264	0	0	1	264	1	264	1.088E-221	671
P0A885	B7N759	1.000	264	0	0	1	264	1	264	1.088E-221	671
P0A885	B7NVX2	1.000	264	0	0	1	264	1	264	1.088E-221	671
P0A885	B7UHP4	1.000	264	0	0	1	264	1	264	1.088E-221	671
P0A885	C4ZZX9	1.000	264	0	0	1	264	1	264	1.088E-221	671
P0A885	P0A884	1.000	264	0	0	1	264	1	264	1.088E-221	671
P0A885	P0A885	1.000	264	0	0	1	264	1	264	1.088E-221	671
P0A885	P0A886	1.000	264	0	0	1	264	1	264	1.088E-221	671
P0A885	Q0TE05	1.000	264	0	0	1	264	1	264	1.088E-221	671
P0A885	Q1R7I6	1.000	264	0	0	1	264	1	264	1.088E-221	671
P0A885	Q3YY33	1.000	264	0	0	1	264	1	264	1.088E-221	671
P0A885	P48464	0.996	264	1	0	1	264	1	264	1.594E-221	671
P0A885	Q0T137	0.996	264	1	0	1	264	1	264	1.594E-221	671
P0A885	A8A3W0	0.996	264	1	0	1	264	1	264	7.347E-221	669
P0A885	B1IU17	0.996	264	1	0	1	264	1	264	7.347E-221	669
P0A885	Q31XG0	0.996	264	1	0	1	264	1	264	2.311E-220	667
P0A885	Q32C94	0.992	264	2	0	1	264	1	264	3.385E-220	667
P0A885	B7LNI2	0.992	264	2	0	1	264	1	264	1.065E-219	665
P0A885	A8AP42	0.962	264	10	0	1	264	1	264	1.490E-215	654
P0A885	A9N2L7	0.962	264	10	0	1	264	1	264	2.183E-215	653
P0A885	Q57KB6	0.962	264	10	0	1	264	1	264	2.183E-215	653
P0A885	Q5PEN6	0.962	264	10	0	1	264	1	264	2.183E-215	653
P0A885	Q8ZMA9	0.962	264	10	0	1	264	1	264	2.183E-215	653
P0A885	C0PXI9	0.958	264	11	0	1	264	1	264	1.473E-214	651
P0A885	Q8Z412	0.954	264	12	0	1	264	1	264	1.455E-213	648
P0A885	A9MS82	0.950	264	13	0	1	264	1	264	4.573E-213	647
P0A885	A4WE03	0.954	264	12	0	1	264	1	264	9.812E-213	646
P0A885	A6TDG3	0.943	264	15	0	1	264	1	264	9.692E-212	643
P0A885	A7MR31	0.920	264	21	0	1	264	1	264	2.855E-206	628
Q11VK5	Q11VK5	1.000	264	0	0	1	264	1	264	4.905E-219	664
Q7NZ95	Q7NZ95	1.000	264	0	0	1	264	1	264	2.285E-219	665
Q1LSU0	Q1LSU0	1.000	264	0	0	1	264	1	264	1.053E-218	663
Q1QJT8	Q1QJT8	1.000	264	0	0	1	264	1	264	1.029E-216	657
Q1QJT8	Q3SQ36	0.901	264	26	0	1	264	1	264	2.587E-199	609
Q0TE05	A1AF39	1.000	264	0	0	1	264	1	264	1.088E-221	671
Q0TE05	A7ZQT3	1.000	264	0	0	1	264	1	264	1.088E-221	671
Q0TE05	B7LF04	1.000	264	0	0	1	264	1	264	1.088E-221	671
Q0TE05	B7LY83	1.000	264	0	0	1	264	1	264	1.088E-221	671
Q0TE05	B7MLH3	1.000	264	0	0	1	264	1	264	1.088E-221	671
Q0TE05	B7MZC6	1.000	264	0	0	1	264	1	264	1.088E-221	671
Q0TE05	B7N759	1.000	264	0	0	1	264	1	264	1.088E-221	671
Q0TE05	B7NVX2	1.000	264	0	0	1	264	1	264	1.088E-221	671
Q0TE05	B7UHP4	1.000	264	0	0	1	264	1	264	1.088E-221	671
Q0TE05	C4ZZX9	1.000	264	0	0	1	264	1	264	1.088E-221	671
Q0TE05	P0A884	1.000	264	0	0	1	264	1	264	1.088E-221	671
Q0TE05	P0A885	1.000	264	0	0	1	264	1	264	1.088E-221	671
Q0TE05	P0A886	1.000	264	0	0	1	264	1	264	1.088E-221	671
Q0TE05	Q0TE05	1.000	264	0	0	1	264	1	264	1.088E-221	671
Q0TE05	Q1R7I6	1.000	264	0	0	1	264	1	264	1.088E-221	671
Q0TE05	Q3YY33	1.000	264	0	0	1	264	1	264	1.088E-221	671
Q0TE05	P48464	0.996	264	1	0	1	264	1	264	1.594E-221	671
Q0TE05	Q0T137	0.996	264	1	0	1	264	1	264	1.594E-221	671
Q0TE05	A8A3W0	0.996	264	1	0	1	264	1	264	7.347E-221	669
Q0TE05	B1IU17	0.996	264	1	0	1	264	1	264	7.347E-221	669
Q0TE05	Q31XG0	0.996	264	1	0	1	264	1	264	2.311E-220	667
Q0TE05	Q32C94	0.992	264	2	0	1	264	1	264	3.385E-220	667
Q0TE05	B7LNI2	0.992	264	2	0	1	264	1	264	1.065E-219	665
Q0TE05	A8AP42	0.962	264	10	0	1	264	1	264	1.490E-215	654
Q0TE05	A9N2L7	0.962	264	10	0	1	264	1	264	2.183E-215	653
Q0TE05	Q57KB6	0.962	264	10	0	1	264	1	264	2.183E-215	653
Q0TE05	Q5PEN6	0.962	264	10	0	1	264	1	264	2.183E-215	653
Q0TE05	Q8ZMA9	0.962	264	10	0	1	264	1	264	2.183E-215	653
Q0TE05	C0PXI9	0.958	264	11	0	1	264	1	264	1.473E-214	651
Q0TE05	Q8Z412	0.954	264	12	0	1	264	1	264	1.455E-213	648
Q0TE05	A9MS82	0.950	264	13	0	1	264	1	264	4.573E-213	647
Q0TE05	A4WE03	0.954	264	12	0	1	264	1	264	9.812E-213	646
Q0TE05	A6TDG3	0.943	264	15	0	1	264	1	264	9.692E-212	643
Q0TE05	A7MR31	0.920	264	21	0	1	264	1	264	2.855E-206	628
A8A3W0	A8A3W0	1.000	264	0	0	1	264	1	264	1.088E-221	671
A8A3W0	B1IU17	1.000	264	0	0	1	264	1	264	1.088E-221	671
A8A3W0	Q32C94	0.996	264	1	0	1	264	1	264	5.015E-221	669
A8A3W0	A1AF39	0.996	264	1	0	1	264	1	264	7.347E-221	669
A8A3W0	A7ZQT3	0.996	264	1	0	1	264	1	264	7.347E-221	669
A8A3W0	B7LF04	0.996	264	1	0	1	264	1	264	7.347E-221	669
A8A3W0	B7LY83	0.996	264	1	0	1	264	1	264	7.347E-221	669
A8A3W0	B7MLH3	0.996	264	1	0	1	264	1	264	7.347E-221	669
A8A3W0	B7MZC6	0.996	264	1	0	1	264	1	264	7.347E-221	669
A8A3W0	B7N759	0.996	264	1	0	1	264	1	264	7.347E-221	669
A8A3W0	B7NVX2	0.996	264	1	0	1	264	1	264	7.347E-221	669
A8A3W0	B7UHP4	0.996	264	1	0	1	264	1	264	7.347E-221	669
A8A3W0	C4ZZX9	0.996	264	1	0	1	264	1	264	7.347E-221	669
A8A3W0	P0A884	0.996	264	1	0	1	264	1	264	7.347E-221	669
A8A3W0	P0A885	0.996	264	1	0	1	264	1	264	7.347E-221	669
A8A3W0	P0A886	0.996	264	1	0	1	264	1	264	7.347E-221	669
A8A3W0	Q0TE05	0.996	264	1	0	1	264	1	264	7.347E-221	669
A8A3W0	Q1R7I6	0.996	264	1	0	1	264	1	264	7.347E-221	669
A8A3W0	Q3YY33	0.996	264	1	0	1	264	1	264	7.347E-221	669
A8A3W0	P48464	0.992	264	2	0	1	264	1	264	1.076E-220	668
A8A3W0	Q0T137	0.992	264	2	0	1	264	1	264	1.076E-220	668
A8A3W0	Q31XG0	0.992	264	2	0	1	264	1	264	1.560E-219	665
A8A3W0	B7LNI2	0.988	264	3	0	1	264	1	264	7.186E-219	663
A8A3W0	A8AP42	0.958	264	11	0	1	264	1	264	1.005E-214	652
A8A3W0	A9N2L7	0.958	264	11	0	1	264	1	264	1.473E-214	651
A8A3W0	Q57KB6	0.958	264	11	0	1	264	1	264	1.473E-214	651
A8A3W0	Q5PEN6	0.958	264	11	0	1	264	1	264	1.473E-214	651
A8A3W0	Q8ZMA9	0.958	264	11	0	1	264	1	264	1.473E-214	651
A8A3W0	C0PXI9	0.954	264	12	0	1	264	1	264	9.932E-214	649
A8A3W0	Q8Z412	0.950	264	13	0	1	264	1	264	9.812E-213	646
A8A3W0	A9MS82	0.946	264	14	0	1	264	1	264	3.084E-212	645
A8A3W0	A4WE03	0.950	264	13	0	1	264	1	264	6.617E-212	644
A8A3W0	A6TDG3	0.939	264	16	0	1	264	1	264	6.535E-211	641
A8A3W0	A7MR31	0.916	264	22	0	1	264	1	264	1.923E-205	626
A0AJY0	A0AJY0	1.000	314	0	0	1	314	1	314	7.542E-257	777
A0AJY0	Q92AD4	0.980	314	6	0	1	314	1	314	1.036E-251	763
A0AJY0	B8DDM8	0.974	314	8	0	1	314	1	314	3.210E-250	758
A0AJY0	Q8Y626	0.968	314	10	0	1	314	1	314	3.167E-249	756
A0AJY0	Q71YE1	0.968	314	10	0	1	314	1	314	4.574E-248	752
A0AJY0	C1KWH4	0.964	314	11	0	1	314	1	314	2.104E-247	751
P06854	P06854	1.000	294	0	0	1	294	1	294	7.030E-244	738
A1RME0	A1RME0	1.000	264	0	0	1	264	1	264	3.273E-217	659
A1RME0	A4Y4J1	1.000	264	0	0	1	264	1	264	3.273E-217	659
A1RME0	B8EBR5	0.965	264	9	0	1	264	1	264	6.535E-211	641
A1RME0	Q0HG85	0.962	264	10	0	1	264	1	264	9.572E-211	640
A1RME0	Q0HSH8	0.962	264	10	0	1	264	1	264	9.572E-211	640
A1RME0	A6WKP4	0.962	264	10	0	1	264	1	264	2.054E-210	640
A1RME0	A9L5M3	0.962	264	10	0	1	264	1	264	2.054E-210	640
A1RME0	A3D1U3	0.958	264	11	0	1	264	1	264	9.451E-210	638
A1RME0	A0KZP5	0.958	264	11	0	1	264	1	264	4.350E-209	636
A1RME0	Q8EH94	0.950	264	13	0	1	264	1	264	2.002E-208	634
A4Y044	A4Y044	1.000	264	0	0	1	264	1	264	1.560E-219	665
A4Y044	A4VGL9	0.939	264	16	0	1	264	1	264	9.451E-210	638
A6WKP4	A6WKP4	1.000	264	0	0	1	264	1	264	4.795E-217	658
A6WKP4	A9L5M3	1.000	264	0	0	1	264	1	264	4.795E-217	658
A6WKP4	B8EBR5	0.996	264	1	0	1	264	1	264	1.508E-216	657
A6WKP4	A3D1U3	0.996	264	1	0	1	264	1	264	2.209E-216	656
A6WKP4	A1RME0	0.962	264	10	0	1	264	1	264	2.054E-210	640
A6WKP4	A4Y4J1	0.962	264	10	0	1	264	1	264	2.054E-210	640
A6WKP4	Q0HG85	0.954	264	12	0	1	264	1	264	2.028E-209	637
A6WKP4	Q0HSH8	0.954	264	12	0	1	264	1	264	2.028E-209	637
A6WKP4	Q8EH94	0.950	264	13	0	1	264	1	264	2.932E-208	634
A6WKP4	A0KZP5	0.950	264	13	0	1	264	1	264	9.210E-208	632
Q4A611	Q4A611	1.000	289	0	0	1	289	1	289	1.039E-234	711
Q7MTB5	Q7MTB5	1.000	264	0	0	1	264	1	264	1.560E-219	665
Q87SA0	Q87SA0	1.000	283	0	0	1	283	1	283	4.892E-237	717
Q87SA0	Q8DER9	0.975	283	7	0	1	283	1	283	3.115E-231	701
Q87SA0	Q7MNN6	0.971	283	8	0	1	283	1	283	9.790E-231	699
Q87SA0	A7MXJ9	0.950	283	14	0	1	283	1	283	4.286E-226	686
Q87SA0	A5F8Y6	0.922	283	22	0	1	283	1	283	1.793E-218	665
Q87SA0	B7VJ78	0.908	283	26	0	1	283	1	283	3.789E-217	661
Q0HSH8	Q0HG85	1.000	264	0	0	1	264	1	264	2.234E-217	659
Q0HSH8	Q0HSH8	1.000	264	0	0	1	264	1	264	2.234E-217	659
Q0HSH8	A0KZP5	0.988	264	3	0	1	264	1	264	1.473E-214	651
Q0HSH8	Q8EH94	0.981	264	5	0	1	264	1	264	4.629E-214	650
Q0HSH8	A1RME0	0.962	264	10	0	1	264	1	264	9.572E-211	640
Q0HSH8	A4Y4J1	0.962	264	10	0	1	264	1	264	9.572E-211	640
Q0HSH8	A3D1U3	0.958	264	11	0	1	264	1	264	6.453E-210	638
Q0HSH8	B8EBR5	0.958	264	11	0	1	264	1	264	6.453E-210	638
Q0HSH8	A6WKP4	0.954	264	12	0	1	264	1	264	2.028E-209	637
Q0HSH8	A9L5M3	0.954	264	12	0	1	264	1	264	2.028E-209	637
Q1LK81	Q1LK81	1.000	264	0	0	1	264	1	264	1.088E-221	671
Q5PEN6	A9N2L7	1.000	264	0	0	1	264	1	264	7.347E-221	669
Q5PEN6	Q57KB6	1.000	264	0	0	1	264	1	264	7.347E-221	669
Q5PEN6	Q5PEN6	1.000	264	0	0	1	264	1	264	7.347E-221	669
Q5PEN6	Q8ZMA9	1.000	264	0	0	1	264	1	264	7.347E-221	669
Q5PEN6	C0PXI9	0.996	264	1	0	1	264	1	264	4.960E-220	666
Q5PEN6	Q8Z412	0.992	264	2	0	1	264	1	264	4.905E-219	664
Q5PEN6	B7LNI2	0.965	264	9	0	1	264	1	264	3.235E-216	656
Q5PEN6	A9MS82	0.973	264	7	0	1	264	1	264	6.943E-216	655
Q5PEN6	A1AF39	0.962	264	10	0	1	264	1	264	2.183E-215	653
Q5PEN6	A7ZQT3	0.962	264	10	0	1	264	1	264	2.183E-215	653
Q5PEN6	B7LF04	0.962	264	10	0	1	264	1	264	2.183E-215	653
Q5PEN6	B7LY83	0.962	264	10	0	1	264	1	264	2.183E-215	653
Q5PEN6	B7MLH3	0.962	264	10	0	1	264	1	264	2.183E-215	653
Q5PEN6	B7MZC6	0.962	264	10	0	1	264	1	264	2.183E-215	653
Q5PEN6	B7N759	0.962	264	10	0	1	264	1	264	2.183E-215	653
Q5PEN6	B7NVX2	0.962	264	10	0	1	264	1	264	2.183E-215	653
Q5PEN6	B7UHP4	0.962	264	10	0	1	264	1	264	2.183E-215	653
Q5PEN6	C4ZZX9	0.962	264	10	0	1	264	1	264	2.183E-215	653
Q5PEN6	P0A884	0.962	264	10	0	1	264	1	264	2.183E-215	653
Q5PEN6	P0A885	0.962	264	10	0	1	264	1	264	2.183E-215	653
Q5PEN6	P0A886	0.962	264	10	0	1	264	1	264	2.183E-215	653
Q5PEN6	Q0TE05	0.962	264	10	0	1	264	1	264	2.183E-215	653
Q5PEN6	Q1R7I6	0.962	264	10	0	1	264	1	264	2.183E-215	653
Q5PEN6	Q3YY33	0.962	264	10	0	1	264	1	264	2.183E-215	653
Q5PEN6	A8AP42	0.962	264	10	0	1	264	1	264	3.198E-215	653
Q5PEN6	P48464	0.958	264	11	0	1	264	1	264	3.198E-215	653
Q5PEN6	Q0T137	0.958	264	11	0	1	264	1	264	3.198E-215	653
Q5PEN6	Q32C94	0.962	264	10	0	1	264	1	264	4.684E-215	653
Q5PEN6	A8A3W0	0.958	264	11	0	1	264	1	264	1.473E-214	651
Q5PEN6	B1IU17	0.958	264	11	0	1	264	1	264	1.473E-214	651
Q5PEN6	Q31XG0	0.958	264	11	0	1	264	1	264	4.629E-214	650
Q5PEN6	A4WE03	0.946	264	14	0	1	264	1	264	3.046E-211	642
Q5PEN6	A6TDG3	0.935	264	17	0	1	264	1	264	1.367E-208	634
Q5PEN6	A7MR31	0.916	264	22	0	1	264	1	264	4.069E-204	622
Q5PEN6	Q6REU8	0.901	264	26	0	1	264	1	264	1.767E-199	609
Q5PEN6	Q7N8U4	0.905	264	25	0	1	264	1	264	3.732E-198	605
Q5PEN6	A8GIH7	0.901	264	26	0	1	264	1	264	1.171E-197	604
B7UHP4	A1AF39	1.000	264	0	0	1	264	1	264	1.088E-221	671
B7UHP4	A7ZQT3	1.000	264	0	0	1	264	1	264	1.088E-221	671
B7UHP4	B7LF04	1.000	264	0	0	1	264	1	264	1.088E-221	671
B7UHP4	B7LY83	1.000	264	0	0	1	264	1	264	1.088E-221	671
B7UHP4	B7MLH3	1.000	264	0	0	1	264	1	264	1.088E-221	671
B7UHP4	B7MZC6	1.000	264	0	0	1	264	1	264	1.088E-221	671
B7UHP4	B7N759	1.000	264	0	0	1	264	1	264	1.088E-221	671
B7UHP4	B7NVX2	1.000	264	0	0	1	264	1	264	1.088E-221	671
B7UHP4	B7UHP4	1.000	264	0	0	1	264	1	264	1.088E-221	671
B7UHP4	C4ZZX9	1.000	264	0	0	1	264	1	264	1.088E-221	671
B7UHP4	P0A884	1.000	264	0	0	1	264	1	264	1.088E-221	671
B7UHP4	P0A885	1.000	264	0	0	1	264	1	264	1.088E-221	671
B7UHP4	P0A886	1.000	264	0	0	1	264	1	264	1.088E-221	671
B7UHP4	Q0TE05	1.000	264	0	0	1	264	1	264	1.088E-221	671
B7UHP4	Q1R7I6	1.000	264	0	0	1	264	1	264	1.088E-221	671
B7UHP4	Q3YY33	1.000	264	0	0	1	264	1	264	1.088E-221	671
B7UHP4	P48464	0.996	264	1	0	1	264	1	264	1.594E-221	671
B7UHP4	Q0T137	0.996	264	1	0	1	264	1	264	1.594E-221	671
B7UHP4	A8A3W0	0.996	264	1	0	1	264	1	264	7.347E-221	669
B7UHP4	B1IU17	0.996	264	1	0	1	264	1	264	7.347E-221	669
B7UHP4	Q31XG0	0.996	264	1	0	1	264	1	264	2.311E-220	667
B7UHP4	Q32C94	0.992	264	2	0	1	264	1	264	3.385E-220	667
B7UHP4	B7LNI2	0.992	264	2	0	1	264	1	264	1.065E-219	665
B7UHP4	A8AP42	0.962	264	10	0	1	264	1	264	1.490E-215	654
B7UHP4	A9N2L7	0.962	264	10	0	1	264	1	264	2.183E-215	653
B7UHP4	Q57KB6	0.962	264	10	0	1	264	1	264	2.183E-215	653
B7UHP4	Q5PEN6	0.962	264	10	0	1	264	1	264	2.183E-215	653
B7UHP4	Q8ZMA9	0.962	264	10	0	1	264	1	264	2.183E-215	653
B7UHP4	C0PXI9	0.958	264	11	0	1	264	1	264	1.473E-214	651
B7UHP4	Q8Z412	0.954	264	12	0	1	264	1	264	1.455E-213	648
B7UHP4	A9MS82	0.950	264	13	0	1	264	1	264	4.573E-213	647
B7UHP4	A4WE03	0.954	264	12	0	1	264	1	264	9.812E-213	646
B7UHP4	A6TDG3	0.943	264	15	0	1	264	1	264	9.692E-212	643
B7UHP4	A7MR31	0.920	264	21	0	1	264	1	264	2.855E-206	628
Q87UL4	Q87UL4	1.000	323	0	0	1	323	1	323	8.572E-266	803
A1S3W8	A1S3W8	1.000	264	0	0	1	264	1	264	1.076E-220	668
Q9I6F1	B7V2Q5	1.000	264	0	0	1	264	1	264	1.560E-219	665
Q9I6F1	Q02U73	1.000	264	0	0	1	264	1	264	1.560E-219	665
Q9I6F1	Q9I6F1	1.000	264	0	0	1	264	1	264	1.560E-219	665
Q9I6F1	A6UYE6	0.981	264	5	0	1	264	1	264	4.740E-216	655
Q9I6F1	A4VGL9	0.912	264	23	0	1	264	1	264	1.260E-202	618
P13100	P13100	1.000	297	0	0	1	297	1	297	1.074E-246	746
Q71YE1	Q71YE1	1.000	314	0	0	1	314	1	314	1.091E-255	774
Q71YE1	C1KWH4	0.996	314	1	0	1	314	1	314	5.020E-255	772
Q71YE1	B8DDM8	0.993	314	2	0	1	314	1	314	3.384E-254	770
Q71YE1	Q8Y626	0.974	314	8	0	1	314	1	314	3.210E-250	758
Q71YE1	Q92AD4	0.977	314	7	0	1	314	1	314	4.701E-250	758
Q71YE1	A0AJY0	0.968	314	10	0	1	314	1	314	4.574E-248	752
Q5R064	Q5R064	1.000	283	0	0	1	283	1	283	2.228E-235	712
Q6LUM1	Q6LUM1	1.000	283	0	0	1	283	1	283	2.177E-233	707
A5VJK9	A5VJK9	1.000	320	0	0	1	320	1	320	5.886E-267	806
Q12KG8	Q12KG8	1.000	264	0	0	1	264	1	264	1.542E-218	662
Q88CN9	Q88CN9	1.000	323	0	0	1	323	1	323	1.271E-266	806
Q667F9	A7FFE0	1.000	264	0	0	1	264	1	264	7.267E-220	666
Q667F9	Q667F9	1.000	264	0	0	1	264	1	264	7.267E-220	666
Q667F9	A4TLC5	0.992	264	2	0	1	264	1	264	2.260E-218	662
Q667F9	Q1CAR9	0.992	264	2	0	1	264	1	264	2.260E-218	662
Q667F9	Q1CFB5	0.992	264	2	0	1	264	1	264	2.260E-218	662
Q667F9	Q8ZHV1	0.992	264	2	0	1	264	1	264	2.260E-218	662
Q667F9	A1JPC9	0.943	264	15	0	1	264	1	264	1.976E-207	631
Q667F9	Q6D8I6	0.901	264	26	0	1	264	1	264	1.871E-203	620
Q667F9	A8GIH7	0.909	264	24	0	1	264	1	264	1.845E-202	617
A5WAK1	A5WAK1	1.000	277	0	0	1	277	1	277	2.026E-228	692
Q5WDS1	Q5WDS1	1.000	264	0	0	1	264	1	264	2.285E-219	665
B7NVX2	A1AF39	1.000	264	0	0	1	264	1	264	1.088E-221	671
B7NVX2	A7ZQT3	1.000	264	0	0	1	264	1	264	1.088E-221	671
B7NVX2	B7LF04	1.000	264	0	0	1	264	1	264	1.088E-221	671
B7NVX2	B7LY83	1.000	264	0	0	1	264	1	264	1.088E-221	671
B7NVX2	B7MLH3	1.000	264	0	0	1	264	1	264	1.088E-221	671
B7NVX2	B7MZC6	1.000	264	0	0	1	264	1	264	1.088E-221	671
B7NVX2	B7N759	1.000	264	0	0	1	264	1	264	1.088E-221	671
B7NVX2	B7NVX2	1.000	264	0	0	1	264	1	264	1.088E-221	671
B7NVX2	B7UHP4	1.000	264	0	0	1	264	1	264	1.088E-221	671
B7NVX2	C4ZZX9	1.000	264	0	0	1	264	1	264	1.088E-221	671
B7NVX2	P0A884	1.000	264	0	0	1	264	1	264	1.088E-221	671
B7NVX2	P0A885	1.000	264	0	0	1	264	1	264	1.088E-221	671
B7NVX2	P0A886	1.000	264	0	0	1	264	1	264	1.088E-221	671
B7NVX2	Q0TE05	1.000	264	0	0	1	264	1	264	1.088E-221	671
B7NVX2	Q1R7I6	1.000	264	0	0	1	264	1	264	1.088E-221	671
B7NVX2	Q3YY33	1.000	264	0	0	1	264	1	264	1.088E-221	671
B7NVX2	P48464	0.996	264	1	0	1	264	1	264	1.594E-221	671
B7NVX2	Q0T137	0.996	264	1	0	1	264	1	264	1.594E-221	671
B7NVX2	A8A3W0	0.996	264	1	0	1	264	1	264	7.347E-221	669
B7NVX2	B1IU17	0.996	264	1	0	1	264	1	264	7.347E-221	669
B7NVX2	Q31XG0	0.996	264	1	0	1	264	1	264	2.311E-220	667
B7NVX2	Q32C94	0.992	264	2	0	1	264	1	264	3.385E-220	667
B7NVX2	B7LNI2	0.992	264	2	0	1	264	1	264	1.065E-219	665
B7NVX2	A8AP42	0.962	264	10	0	1	264	1	264	1.490E-215	654
B7NVX2	A9N2L7	0.962	264	10	0	1	264	1	264	2.183E-215	653
B7NVX2	Q57KB6	0.962	264	10	0	1	264	1	264	2.183E-215	653
B7NVX2	Q5PEN6	0.962	264	10	0	1	264	1	264	2.183E-215	653
B7NVX2	Q8ZMA9	0.962	264	10	0	1	264	1	264	2.183E-215	653
B7NVX2	C0PXI9	0.958	264	11	0	1	264	1	264	1.473E-214	651
B7NVX2	Q8Z412	0.954	264	12	0	1	264	1	264	1.455E-213	648
B7NVX2	A9MS82	0.950	264	13	0	1	264	1	264	4.573E-213	647
B7NVX2	A4WE03	0.954	264	12	0	1	264	1	264	9.812E-213	646
B7NVX2	A6TDG3	0.943	264	15	0	1	264	1	264	9.692E-212	643
B7NVX2	A7MR31	0.920	264	21	0	1	264	1	264	2.855E-206	628
Q7VMH2	Q7VMH2	1.000	283	0	0	1	283	1	283	3.227E-234	709
A8FSC3	A8FSC3	1.000	283	0	0	1	283	1	283	1.015E-233	708
A5EVG5	A5EVG5	1.000	258	0	0	1	258	1	258	2.033E-210	639
A9NG27	A9NG27	1.000	288	0	0	1	288	1	288	6.311E-236	715
Q9ANR7	Q9ANR7	1.000	279	0	0	1	279	1	279	1.835E-230	698
Q9ANR7	E0TVT6	0.953	279	13	0	1	279	1	279	1.663E-222	676
Q9ANR7	P07606	0.942	279	16	0	1	279	1	279	3.522E-221	672
Q9ANR7	P0CI79	0.942	279	16	0	1	279	1	279	5.090E-220	669
Q9ANR7	Q5D189	0.931	279	19	0	1	279	1	279	1.077E-218	665
Q5E7P1	Q5E7P1	1.000	283	0	0	1	283	1	283	4.673E-233	706
Q3IDN1	Q3IDN1	1.000	283	0	0	1	283	1	283	2.177E-233	707
Q6MID2	Q6MID2	1.000	264	0	0	1	264	1	264	1.525E-217	659
Q92AD4	Q92AD4	1.000	314	0	0	1	314	1	314	5.085E-256	775
Q92AD4	Q8Y626	0.984	314	5	0	1	314	1	314	2.251E-252	764
Q92AD4	B8DDM8	0.984	314	5	0	1	314	1	314	3.297E-252	764
Q92AD4	A0AJY0	0.980	314	6	0	1	314	1	314	1.036E-251	763
Q92AD4	Q71YE1	0.977	314	7	0	1	314	1	314	4.701E-250	758
Q92AD4	C1KWH4	0.974	314	8	0	1	314	1	314	2.162E-249	756
O33380	O33380	1.000	265	0	0	1	265	1	265	1.199E-218	663
C1KWH4	C1KWH4	1.000	314	0	0	1	314	1	314	1.091E-255	774
C1KWH4	Q71YE1	0.996	314	1	0	1	314	1	314	5.020E-255	772
C1KWH4	B8DDM8	0.990	314	3	0	1	314	1	314	1.557E-253	768
C1KWH4	Q8Y626	0.971	314	9	0	1	314	1	314	1.477E-249	757
C1KWH4	Q92AD4	0.974	314	8	0	1	314	1	314	2.162E-249	756
C1KWH4	A0AJY0	0.964	314	11	0	1	314	1	314	2.104E-247	751
Q8K9C3	Q8K9C3	1.000	264	0	0	1	264	1	264	4.740E-216	655
Q9UTI7	Q9UTI7	1.000	625	0	0	1	625	1	625	0.000E+00	1524
C4K7G3	C4K7G3	1.000	264	0	0	1	264	1	264	7.267E-220	666
A5FJV8	A5FJV8	1.000	283	0	0	1	283	1	283	2.177E-233	707
P07606	P07606	1.000	279	0	0	1	279	1	279	2.719E-231	700
P07606	Q5D189	0.982	279	5	0	1	279	1	279	1.792E-228	692
P07606	E0TVT6	0.967	279	9	0	1	279	1	279	5.497E-226	685
P07606	P0CI79	0.971	279	8	0	1	279	1	279	8.052E-226	685
P07606	Q9ANR7	0.942	279	16	0	1	279	1	279	3.522E-221	672
A6L1Q8	A6L1Q8	1.000	264	0	0	1	264	1	264	2.260E-218	662
A4YZC4	A4YZC4	1.000	264	0	0	1	264	1	264	1.053E-218	663
A4YZC4	A5EPD3	0.943	264	15	0	1	264	1	264	4.350E-209	636
A5VCW6	A5VCW6	1.000	308	0	0	1	308	1	308	3.431E-256	774
B7VJ78	B7VJ78	1.000	283	0	0	1	283	1	283	2.279E-237	718
B7VJ78	A7MXJ9	0.915	283	24	0	1	283	1	283	1.793E-218	665
B7VJ78	Q8DER9	0.908	283	26	0	1	283	1	283	1.207E-217	663
B7VJ78	Q87SA0	0.908	283	26	0	1	283	1	283	3.789E-217	661
B7VJ78	Q7MNN6	0.904	283	27	0	1	283	1	283	3.789E-217	661
Q8EQG0	Q8EQG0	1.000	317	0	0	1	317	1	317	5.574E-263	795
Q8UDS3	Q8UDS3	1.000	264	0	0	1	264	1	264	4.740E-216	655
A0KZP5	A0KZP5	1.000	264	0	0	1	264	1	264	3.273E-217	659
A0KZP5	Q0HG85	0.988	264	3	0	1	264	1	264	1.473E-214	651
A0KZP5	Q0HSH8	0.988	264	3	0	1	264	1	264	1.473E-214	651
A0KZP5	Q8EH94	0.969	264	8	0	1	264	1	264	3.046E-211	642
A0KZP5	A1RME0	0.958	264	11	0	1	264	1	264	4.350E-209	636
A0KZP5	A4Y4J1	0.958	264	11	0	1	264	1	264	4.350E-209	636
A0KZP5	A3D1U3	0.954	264	12	0	1	264	1	264	2.932E-208	634
A0KZP5	B8EBR5	0.954	264	12	0	1	264	1	264	2.932E-208	634
A0KZP5	A6WKP4	0.950	264	13	0	1	264	1	264	9.210E-208	632
A0KZP5	A9L5M3	0.950	264	13	0	1	264	1	264	9.210E-208	632
Q87BT4	Q87BT4	1.000	264	0	0	1	264	1	264	4.740E-216	655
Q87BT4	Q9PB13	0.977	264	6	0	1	264	1	264	6.535E-211	641
A5EPD3	A5EPD3	1.000	264	0	0	1	264	1	264	7.267E-220	666
A5EPD3	A4YZC4	0.943	264	15	0	1	264	1	264	4.350E-209	636
B7N759	A1AF39	1.000	264	0	0	1	264	1	264	1.088E-221	671
B7N759	A7ZQT3	1.000	264	0	0	1	264	1	264	1.088E-221	671
B7N759	B7LF04	1.000	264	0	0	1	264	1	264	1.088E-221	671
B7N759	B7LY83	1.000	264	0	0	1	264	1	264	1.088E-221	671
B7N759	B7MLH3	1.000	264	0	0	1	264	1	264	1.088E-221	671
B7N759	B7MZC6	1.000	264	0	0	1	264	1	264	1.088E-221	671
B7N759	B7N759	1.000	264	0	0	1	264	1	264	1.088E-221	671
B7N759	B7NVX2	1.000	264	0	0	1	264	1	264	1.088E-221	671
B7N759	B7UHP4	1.000	264	0	0	1	264	1	264	1.088E-221	671
B7N759	C4ZZX9	1.000	264	0	0	1	264	1	264	1.088E-221	671
B7N759	P0A884	1.000	264	0	0	1	264	1	264	1.088E-221	671
B7N759	P0A885	1.000	264	0	0	1	264	1	264	1.088E-221	671
B7N759	P0A886	1.000	264	0	0	1	264	1	264	1.088E-221	671
B7N759	Q0TE05	1.000	264	0	0	1	264	1	264	1.088E-221	671
B7N759	Q1R7I6	1.000	264	0	0	1	264	1	264	1.088E-221	671
B7N759	Q3YY33	1.000	264	0	0	1	264	1	264	1.088E-221	671
B7N759	P48464	0.996	264	1	0	1	264	1	264	1.594E-221	671
B7N759	Q0T137	0.996	264	1	0	1	264	1	264	1.594E-221	671
B7N759	A8A3W0	0.996	264	1	0	1	264	1	264	7.347E-221	669
B7N759	B1IU17	0.996	264	1	0	1	264	1	264	7.347E-221	669
B7N759	Q31XG0	0.996	264	1	0	1	264	1	264	2.311E-220	667
B7N759	Q32C94	0.992	264	2	0	1	264	1	264	3.385E-220	667
B7N759	B7LNI2	0.992	264	2	0	1	264	1	264	1.065E-219	665
B7N759	A8AP42	0.962	264	10	0	1	264	1	264	1.490E-215	654
B7N759	A9N2L7	0.962	264	10	0	1	264	1	264	2.183E-215	653
B7N759	Q57KB6	0.962	264	10	0	1	264	1	264	2.183E-215	653
B7N759	Q5PEN6	0.962	264	10	0	1	264	1	264	2.183E-215	653
B7N759	Q8ZMA9	0.962	264	10	0	1	264	1	264	2.183E-215	653
B7N759	C0PXI9	0.958	264	11	0	1	264	1	264	1.473E-214	651
B7N759	Q8Z412	0.954	264	12	0	1	264	1	264	1.455E-213	648
B7N759	A9MS82	0.950	264	13	0	1	264	1	264	4.573E-213	647
B7N759	A4WE03	0.954	264	12	0	1	264	1	264	9.812E-213	646
B7N759	A6TDG3	0.943	264	15	0	1	264	1	264	9.692E-212	643
B7N759	A7MR31	0.920	264	21	0	1	264	1	264	2.855E-206	628
C0QWM9	C0QWM9	1.000	266	0	0	1	266	1	266	4.190E-216	656
B7V2Q5	B7V2Q5	1.000	264	0	0	1	264	1	264	1.560E-219	665
B7V2Q5	Q02U73	1.000	264	0	0	1	264	1	264	1.560E-219	665
B7V2Q5	Q9I6F1	1.000	264	0	0	1	264	1	264	1.560E-219	665
B7V2Q5	A6UYE6	0.981	264	5	0	1	264	1	264	4.740E-216	655
B7V2Q5	A4VGL9	0.912	264	23	0	1	264	1	264	1.260E-202	618
Q1GFV4	Q1GFV4	1.000	277	0	0	1	277	1	277	9.223E-227	687
Q5X119	Q5X119	1.000	264	0	0	1	264	1	264	2.209E-216	656
Q5X119	A5II41	0.996	264	1	0	1	264	1	264	6.943E-216	655
Q5X119	Q5ZRL3	0.977	264	6	0	1	264	1	264	3.046E-211	642
Q5X119	Q5WSU5	0.977	264	6	0	1	264	1	264	6.535E-211	641
Q21NW5	Q21NW5	1.000	277	0	0	1	277	1	277	4.349E-228	691
Q1ME82	Q1ME82	1.000	264	0	0	1	264	1	264	2.260E-218	662
Q1ME82	Q2K6G8	0.954	264	12	0	1	264	1	264	1.384E-209	637
Q8A639	Q8A639	1.000	264	0	0	1	264	1	264	3.273E-217	659
Q8A639	Q5L9L6	0.920	264	21	0	1	264	1	264	3.900E-201	614
Q8A639	Q64PV5	0.916	264	22	0	1	264	1	264	1.793E-200	612
Q1GAP2	Q04B29	1.000	318	0	0	1	318	1	318	1.969E-261	790
Q1GAP2	Q1GAP2	1.000	318	0	0	1	318	1	318	1.969E-261	790
Q0HG85	Q0HG85	1.000	264	0	0	1	264	1	264	2.234E-217	659
Q0HG85	Q0HSH8	1.000	264	0	0	1	264	1	264	2.234E-217	659
Q0HG85	A0KZP5	0.988	264	3	0	1	264	1	264	1.473E-214	651
Q0HG85	Q8EH94	0.981	264	5	0	1	264	1	264	4.629E-214	650
Q0HG85	A1RME0	0.962	264	10	0	1	264	1	264	9.572E-211	640
Q0HG85	A4Y4J1	0.962	264	10	0	1	264	1	264	9.572E-211	640
Q0HG85	A3D1U3	0.958	264	11	0	1	264	1	264	6.453E-210	638
Q0HG85	B8EBR5	0.958	264	11	0	1	264	1	264	6.453E-210	638
Q0HG85	A6WKP4	0.954	264	12	0	1	264	1	264	2.028E-209	637
Q0HG85	A9L5M3	0.954	264	12	0	1	264	1	264	2.028E-209	637
Q5P233	Q5P233	1.000	264	0	0	1	264	1	264	7.347E-221	669
Q6G2S8	Q6G2S8	1.000	264	0	0	1	264	1	264	7.025E-217	658
Q6G2S8	Q6FZ91	0.931	264	18	0	1	264	1	264	1.845E-202	617
Q6G2S8	A9IW82	0.901	264	26	0	1	264	1	264	2.587E-199	609
A1SS96	A1SS96	1.000	283	0	0	1	283	1	283	3.190E-233	706
Q7W1A9	Q7W1A9	1.000	323	0	0	1	323	1	323	8.785E-268	809
Q7W1A9	Q7WP13	1.000	323	0	0	1	323	1	323	8.785E-268	809
Q7W1A9	Q7VUE3	0.987	323	4	0	1	323	1	323	1.224E-263	797
A7ZQT3	A1AF39	1.000	264	0	0	1	264	1	264	1.088E-221	671
A7ZQT3	A7ZQT3	1.000	264	0	0	1	264	1	264	1.088E-221	671
A7ZQT3	B7LF04	1.000	264	0	0	1	264	1	264	1.088E-221	671
A7ZQT3	B7LY83	1.000	264	0	0	1	264	1	264	1.088E-221	671
A7ZQT3	B7MLH3	1.000	264	0	0	1	264	1	264	1.088E-221	671
A7ZQT3	B7MZC6	1.000	264	0	0	1	264	1	264	1.088E-221	671
A7ZQT3	B7N759	1.000	264	0	0	1	264	1	264	1.088E-221	671
A7ZQT3	B7NVX2	1.000	264	0	0	1	264	1	264	1.088E-221	671
A7ZQT3	B7UHP4	1.000	264	0	0	1	264	1	264	1.088E-221	671
A7ZQT3	C4ZZX9	1.000	264	0	0	1	264	1	264	1.088E-221	671
A7ZQT3	P0A884	1.000	264	0	0	1	264	1	264	1.088E-221	671
A7ZQT3	P0A885	1.000	264	0	0	1	264	1	264	1.088E-221	671
A7ZQT3	P0A886	1.000	264	0	0	1	264	1	264	1.088E-221	671
A7ZQT3	Q0TE05	1.000	264	0	0	1	264	1	264	1.088E-221	671
A7ZQT3	Q1R7I6	1.000	264	0	0	1	264	1	264	1.088E-221	671
A7ZQT3	Q3YY33	1.000	264	0	0	1	264	1	264	1.088E-221	671
A7ZQT3	P48464	0.996	264	1	0	1	264	1	264	1.594E-221	671
A7ZQT3	Q0T137	0.996	264	1	0	1	264	1	264	1.594E-221	671
A7ZQT3	A8A3W0	0.996	264	1	0	1	264	1	264	7.347E-221	669
A7ZQT3	B1IU17	0.996	264	1	0	1	264	1	264	7.347E-221	669
A7ZQT3	Q31XG0	0.996	264	1	0	1	264	1	264	2.311E-220	667
A7ZQT3	Q32C94	0.992	264	2	0	1	264	1	264	3.385E-220	667
A7ZQT3	B7LNI2	0.992	264	2	0	1	264	1	264	1.065E-219	665
A7ZQT3	A8AP42	0.962	264	10	0	1	264	1	264	1.490E-215	654
A7ZQT3	A9N2L7	0.962	264	10	0	1	264	1	264	2.183E-215	653
A7ZQT3	Q57KB6	0.962	264	10	0	1	264	1	264	2.183E-215	653
A7ZQT3	Q5PEN6	0.962	264	10	0	1	264	1	264	2.183E-215	653
A7ZQT3	Q8ZMA9	0.962	264	10	0	1	264	1	264	2.183E-215	653
A7ZQT3	C0PXI9	0.958	264	11	0	1	264	1	264	1.473E-214	651
A7ZQT3	Q8Z412	0.954	264	12	0	1	264	1	264	1.455E-213	648
A7ZQT3	A9MS82	0.950	264	13	0	1	264	1	264	4.573E-213	647
A7ZQT3	A4WE03	0.954	264	12	0	1	264	1	264	9.812E-213	646
A7ZQT3	A6TDG3	0.943	264	15	0	1	264	1	264	9.692E-212	643
A7ZQT3	A7MR31	0.920	264	21	0	1	264	1	264	2.855E-206	628
Q27783	Q27783	1.000	527	0	0	1	527	1	527	0.000E+00	1286
P48464	P48464	1.000	264	0	0	1	264	1	264	1.088E-221	671
P48464	Q0T137	1.000	264	0	0	1	264	1	264	1.088E-221	671
P48464	A1AF39	0.996	264	1	0	1	264	1	264	1.594E-221	671
P48464	A7ZQT3	0.996	264	1	0	1	264	1	264	1.594E-221	671
P48464	B7LF04	0.996	264	1	0	1	264	1	264	1.594E-221	671
P48464	B7LY83	0.996	264	1	0	1	264	1	264	1.594E-221	671
P48464	B7MLH3	0.996	264	1	0	1	264	1	264	1.594E-221	671
P48464	B7MZC6	0.996	264	1	0	1	264	1	264	1.594E-221	671
P48464	B7N759	0.996	264	1	0	1	264	1	264	1.594E-221	671
P48464	B7NVX2	0.996	264	1	0	1	264	1	264	1.594E-221	671
P48464	B7UHP4	0.996	264	1	0	1	264	1	264	1.594E-221	671
P48464	C4ZZX9	0.996	264	1	0	1	264	1	264	1.594E-221	671
P48464	P0A884	0.996	264	1	0	1	264	1	264	1.594E-221	671
P48464	P0A885	0.996	264	1	0	1	264	1	264	1.594E-221	671
P48464	P0A886	0.996	264	1	0	1	264	1	264	1.594E-221	671
P48464	Q0TE05	0.996	264	1	0	1	264	1	264	1.594E-221	671
P48464	Q1R7I6	0.996	264	1	0	1	264	1	264	1.594E-221	671
P48464	Q3YY33	0.996	264	1	0	1	264	1	264	1.594E-221	671
P48464	A8A3W0	0.992	264	2	0	1	264	1	264	1.076E-220	668
P48464	B1IU17	0.992	264	2	0	1	264	1	264	1.076E-220	668
P48464	Q31XG0	0.992	264	2	0	1	264	1	264	3.385E-220	667
P48464	Q32C94	0.988	264	3	0	1	264	1	264	4.960E-220	666
P48464	B7LNI2	0.988	264	3	0	1	264	1	264	1.560E-219	665
P48464	A8AP42	0.958	264	11	0	1	264	1	264	2.183E-215	653
P48464	A9N2L7	0.958	264	11	0	1	264	1	264	3.198E-215	653
P48464	Q57KB6	0.958	264	11	0	1	264	1	264	3.198E-215	653
P48464	Q5PEN6	0.958	264	11	0	1	264	1	264	3.198E-215	653
P48464	Q8ZMA9	0.958	264	11	0	1	264	1	264	3.198E-215	653
P48464	C0PXI9	0.954	264	12	0	1	264	1	264	2.157E-214	651
P48464	Q8Z412	0.950	264	13	0	1	264	1	264	2.131E-213	648
P48464	A9MS82	0.946	264	14	0	1	264	1	264	6.699E-213	646
P48464	A4WE03	0.950	264	13	0	1	264	1	264	1.437E-212	646
P48464	A6TDG3	0.939	264	16	0	1	264	1	264	1.420E-211	643
P48464	A7MR31	0.916	264	22	0	1	264	1	264	4.181E-206	628
B9JXQ5	B9JXQ5	1.000	264	0	0	1	264	1	264	7.025E-217	658
A1KVB3	A1KVB3	1.000	264	0	0	1	264	1	264	4.850E-218	661
A1KVB3	Q9JY72	0.996	264	1	0	1	264	1	264	1.525E-217	659
A1KVB3	Q9JT57	0.992	264	2	0	1	264	1	264	4.795E-217	658
A1KVB3	Q5F732	0.988	264	3	0	1	264	1	264	4.740E-216	655
P44420	P44420	1.000	283	0	0	1	283	1	283	1.486E-233	707
P44420	A5UDH0	0.996	283	1	0	1	283	1	283	3.152E-232	703
P44420	Q4QM04	0.992	283	2	0	1	283	1	283	6.764E-232	702
P44420	A5UI47	0.992	283	2	0	1	283	1	283	2.126E-231	701
Q5WSU5	Q5WSU5	1.000	264	0	0	1	264	1	264	2.209E-216	656
Q5WSU5	Q5ZRL3	0.981	264	5	0	1	264	1	264	3.084E-212	645
Q5WSU5	A5II41	0.981	264	5	0	1	264	1	264	2.079E-211	642
Q5WSU5	Q5X119	0.977	264	6	0	1	264	1	264	6.535E-211	641
Q04B29	Q04B29	1.000	318	0	0	1	318	1	318	1.969E-261	790
Q04B29	Q1GAP2	1.000	318	0	0	1	318	1	318	1.969E-261	790
Q31I55	Q31I55	1.000	277	0	0	1	277	1	277	2.003E-227	689
Q7MNN6	Q7MNN6	1.000	283	0	0	1	283	1	283	1.556E-237	718
Q7MNN6	Q8DER9	0.996	283	1	0	1	283	1	283	7.168E-237	716
Q7MNN6	Q87SA0	0.971	283	8	0	1	283	1	283	9.790E-231	699
Q7MNN6	A7MXJ9	0.946	283	15	0	1	283	1	283	4.286E-226	686
Q7MNN6	B7VJ78	0.904	283	27	0	1	283	1	283	3.789E-217	661
Q7MNN6	A5F8Y6	0.908	283	26	0	1	283	1	283	8.007E-216	658
C3K3Q8	C3K3Q8	1.000	277	0	0	1	277	1	277	9.442E-229	693
Q9PB13	Q9PB13	1.000	264	0	0	1	264	1	264	3.235E-216	656
Q9PB13	Q87BT4	0.977	264	6	0	1	264	1	264	6.535E-211	641
Q03F96	Q03F96	1.000	316	0	0	1	316	1	316	7.003E-261	789
B7LY83	A1AF39	1.000	264	0	0	1	264	1	264	1.088E-221	671
B7LY83	A7ZQT3	1.000	264	0	0	1	264	1	264	1.088E-221	671
B7LY83	B7LF04	1.000	264	0	0	1	264	1	264	1.088E-221	671
B7LY83	B7LY83	1.000	264	0	0	1	264	1	264	1.088E-221	671
B7LY83	B7MLH3	1.000	264	0	0	1	264	1	264	1.088E-221	671
B7LY83	B7MZC6	1.000	264	0	0	1	264	1	264	1.088E-221	671
B7LY83	B7N759	1.000	264	0	0	1	264	1	264	1.088E-221	671
B7LY83	B7NVX2	1.000	264	0	0	1	264	1	264	1.088E-221	671
B7LY83	B7UHP4	1.000	264	0	0	1	264	1	264	1.088E-221	671
B7LY83	C4ZZX9	1.000	264	0	0	1	264	1	264	1.088E-221	671
B7LY83	P0A884	1.000	264	0	0	1	264	1	264	1.088E-221	671
B7LY83	P0A885	1.000	264	0	0	1	264	1	264	1.088E-221	671
B7LY83	P0A886	1.000	264	0	0	1	264	1	264	1.088E-221	671
B7LY83	Q0TE05	1.000	264	0	0	1	264	1	264	1.088E-221	671
B7LY83	Q1R7I6	1.000	264	0	0	1	264	1	264	1.088E-221	671
B7LY83	Q3YY33	1.000	264	0	0	1	264	1	264	1.088E-221	671
B7LY83	P48464	0.996	264	1	0	1	264	1	264	1.594E-221	671
B7LY83	Q0T137	0.996	264	1	0	1	264	1	264	1.594E-221	671
B7LY83	A8A3W0	0.996	264	1	0	1	264	1	264	7.347E-221	669
B7LY83	B1IU17	0.996	264	1	0	1	264	1	264	7.347E-221	669
B7LY83	Q31XG0	0.996	264	1	0	1	264	1	264	2.311E-220	667
B7LY83	Q32C94	0.992	264	2	0	1	264	1	264	3.385E-220	667
B7LY83	B7LNI2	0.992	264	2	0	1	264	1	264	1.065E-219	665
B7LY83	A8AP42	0.962	264	10	0	1	264	1	264	1.490E-215	654
B7LY83	A9N2L7	0.962	264	10	0	1	264	1	264	2.183E-215	653
B7LY83	Q57KB6	0.962	264	10	0	1	264	1	264	2.183E-215	653
B7LY83	Q5PEN6	0.962	264	10	0	1	264	1	264	2.183E-215	653
B7LY83	Q8ZMA9	0.962	264	10	0	1	264	1	264	2.183E-215	653
B7LY83	C0PXI9	0.958	264	11	0	1	264	1	264	1.473E-214	651
B7LY83	Q8Z412	0.954	264	12	0	1	264	1	264	1.455E-213	648
B7LY83	A9MS82	0.950	264	13	0	1	264	1	264	4.573E-213	647
B7LY83	A4WE03	0.954	264	12	0	1	264	1	264	9.812E-213	646
B7LY83	A6TDG3	0.943	264	15	0	1	264	1	264	9.692E-212	643
B7LY83	A7MR31	0.920	264	21	0	1	264	1	264	2.855E-206	628
Q65J44	Q59212	1.000	279	0	0	1	279	1	279	3.983E-231	700
Q65J44	Q65J44	1.000	279	0	0	1	279	1	279	3.983E-231	700
B8F6S2	B8F6S2	1.000	283	0	0	1	283	1	283	4.728E-234	709
A4WQT6	A4WQT6	1.000	298	0	0	1	298	1	298	1.150E-241	732
Q1R7I6	A1AF39	1.000	264	0	0	1	264	1	264	1.088E-221	671
Q1R7I6	A7ZQT3	1.000	264	0	0	1	264	1	264	1.088E-221	671
Q1R7I6	B7LF04	1.000	264	0	0	1	264	1	264	1.088E-221	671
Q1R7I6	B7LY83	1.000	264	0	0	1	264	1	264	1.088E-221	671
Q1R7I6	B7MLH3	1.000	264	0	0	1	264	1	264	1.088E-221	671
Q1R7I6	B7MZC6	1.000	264	0	0	1	264	1	264	1.088E-221	671
Q1R7I6	B7N759	1.000	264	0	0	1	264	1	264	1.088E-221	671
Q1R7I6	B7NVX2	1.000	264	0	0	1	264	1	264	1.088E-221	671
Q1R7I6	B7UHP4	1.000	264	0	0	1	264	1	264	1.088E-221	671
Q1R7I6	C4ZZX9	1.000	264	0	0	1	264	1	264	1.088E-221	671
Q1R7I6	P0A884	1.000	264	0	0	1	264	1	264	1.088E-221	671
Q1R7I6	P0A885	1.000	264	0	0	1	264	1	264	1.088E-221	671
Q1R7I6	P0A886	1.000	264	0	0	1	264	1	264	1.088E-221	671
Q1R7I6	Q0TE05	1.000	264	0	0	1	264	1	264	1.088E-221	671
Q1R7I6	Q1R7I6	1.000	264	0	0	1	264	1	264	1.088E-221	671
Q1R7I6	Q3YY33	1.000	264	0	0	1	264	1	264	1.088E-221	671
Q1R7I6	P48464	0.996	264	1	0	1	264	1	264	1.594E-221	671
Q1R7I6	Q0T137	0.996	264	1	0	1	264	1	264	1.594E-221	671
Q1R7I6	A8A3W0	0.996	264	1	0	1	264	1	264	7.347E-221	669
Q1R7I6	B1IU17	0.996	264	1	0	1	264	1	264	7.347E-221	669
Q1R7I6	Q31XG0	0.996	264	1	0	1	264	1	264	2.311E-220	667
Q1R7I6	Q32C94	0.992	264	2	0	1	264	1	264	3.385E-220	667
Q1R7I6	B7LNI2	0.992	264	2	0	1	264	1	264	1.065E-219	665
Q1R7I6	A8AP42	0.962	264	10	0	1	264	1	264	1.490E-215	654
Q1R7I6	A9N2L7	0.962	264	10	0	1	264	1	264	2.183E-215	653
Q1R7I6	Q57KB6	0.962	264	10	0	1	264	1	264	2.183E-215	653
Q1R7I6	Q5PEN6	0.962	264	10	0	1	264	1	264	2.183E-215	653
Q1R7I6	Q8ZMA9	0.962	264	10	0	1	264	1	264	2.183E-215	653
Q1R7I6	C0PXI9	0.958	264	11	0	1	264	1	264	1.473E-214	651
Q1R7I6	Q8Z412	0.954	264	12	0	1	264	1	264	1.455E-213	648
Q1R7I6	A9MS82	0.950	264	13	0	1	264	1	264	4.573E-213	647
Q1R7I6	A4WE03	0.954	264	12	0	1	264	1	264	9.812E-213	646
Q1R7I6	A6TDG3	0.943	264	15	0	1	264	1	264	9.692E-212	643
Q1R7I6	A7MR31	0.920	264	21	0	1	264	1	264	2.855E-206	628
P57515	P57515	1.000	264	0	0	1	264	1	264	7.186E-219	663
P57515	B8D7X0	0.996	264	1	0	1	264	1	264	2.260E-218	662
P57515	B8D9L8	0.992	264	2	0	1	264	1	264	1.041E-217	660
A9IW82	A9IW82	1.000	264	0	0	1	264	1	264	1.525E-217	659
A9IW82	Q6G2S8	0.901	264	26	0	1	264	1	264	2.587E-199	609
Q8Z412	Q8Z412	1.000	264	0	0	1	264	1	264	1.577E-220	668
Q8Z412	A9N2L7	0.992	264	2	0	1	264	1	264	4.905E-219	664
Q8Z412	Q57KB6	0.992	264	2	0	1	264	1	264	4.905E-219	664
Q8Z412	Q5PEN6	0.992	264	2	0	1	264	1	264	4.905E-219	664
Q8Z412	Q8ZMA9	0.992	264	2	0	1	264	1	264	4.905E-219	664
Q8Z412	C0PXI9	0.988	264	3	0	1	264	1	264	3.311E-218	661
Q8Z412	B7LNI2	0.958	264	11	0	1	264	1	264	2.157E-214	651
Q8Z412	A8AP42	0.958	264	11	0	1	264	1	264	4.629E-214	650
Q8Z412	A9MS82	0.965	264	9	0	1	264	1	264	4.629E-214	650
Q8Z412	A1AF39	0.954	264	12	0	1	264	1	264	1.455E-213	648
Q8Z412	A7ZQT3	0.954	264	12	0	1	264	1	264	1.455E-213	648
Q8Z412	B7LF04	0.954	264	12	0	1	264	1	264	1.455E-213	648
Q8Z412	B7LY83	0.954	264	12	0	1	264	1	264	1.455E-213	648
Q8Z412	B7MLH3	0.954	264	12	0	1	264	1	264	1.455E-213	648
Q8Z412	B7MZC6	0.954	264	12	0	1	264	1	264	1.455E-213	648
Q8Z412	B7N759	0.954	264	12	0	1	264	1	264	1.455E-213	648
Q8Z412	B7NVX2	0.954	264	12	0	1	264	1	264	1.455E-213	648
Q8Z412	B7UHP4	0.954	264	12	0	1	264	1	264	1.455E-213	648
Q8Z412	C4ZZX9	0.954	264	12	0	1	264	1	264	1.455E-213	648
Q8Z412	P0A884	0.954	264	12	0	1	264	1	264	1.455E-213	648
Q8Z412	P0A885	0.954	264	12	0	1	264	1	264	1.455E-213	648
Q8Z412	P0A886	0.954	264	12	0	1	264	1	264	1.455E-213	648
Q8Z412	Q0TE05	0.954	264	12	0	1	264	1	264	1.455E-213	648
Q8Z412	Q1R7I6	0.954	264	12	0	1	264	1	264	1.455E-213	648
Q8Z412	Q3YY33	0.954	264	12	0	1	264	1	264	1.455E-213	648
Q8Z412	P48464	0.950	264	13	0	1	264	1	264	2.131E-213	648
Q8Z412	Q0T137	0.950	264	13	0	1	264	1	264	2.131E-213	648
Q8Z412	Q32C94	0.954	264	12	0	1	264	1	264	3.122E-213	647
Q8Z412	A8A3W0	0.950	264	13	0	1	264	1	264	9.812E-213	646
Q8Z412	B1IU17	0.950	264	13	0	1	264	1	264	9.812E-213	646
Q8Z412	Q31XG0	0.950	264	13	0	1	264	1	264	3.084E-212	645
Q8Z412	A4WE03	0.939	264	16	0	1	264	1	264	2.028E-209	637
Q8Z412	A6TDG3	0.928	264	19	0	1	264	1	264	9.089E-207	629
Q8Z412	A7MR31	0.909	264	24	0	1	264	1	264	2.702E-202	617
A4TLC5	A4TLC5	1.000	264	0	0	1	264	1	264	1.065E-219	665
A4TLC5	Q1CAR9	1.000	264	0	0	1	264	1	264	1.065E-219	665
A4TLC5	Q1CFB5	1.000	264	0	0	1	264	1	264	1.065E-219	665
A4TLC5	Q8ZHV1	1.000	264	0	0	1	264	1	264	1.065E-219	665
A4TLC5	A7FFE0	0.992	264	2	0	1	264	1	264	2.260E-218	662
A4TLC5	Q667F9	0.992	264	2	0	1	264	1	264	2.260E-218	662
A4TLC5	A1JPC9	0.935	264	17	0	1	264	1	264	6.124E-206	627
A4TLC5	A8GIH7	0.901	264	26	0	1	264	1	264	5.711E-201	613
B3QZX0	B3QZX0	1.000	288	0	0	1	288	1	288	9.356E-237	717
C0ZI91	C0ZI91	1.000	264	0	0	1	264	1	264	7.025E-217	658
A6UYE6	A6UYE6	1.000	264	0	0	1	264	1	264	1.560E-219	665
A6UYE6	B7V2Q5	0.981	264	5	0	1	264	1	264	4.740E-216	655
A6UYE6	Q02U73	0.981	264	5	0	1	264	1	264	4.740E-216	655
A6UYE6	Q9I6F1	0.981	264	5	0	1	264	1	264	4.740E-216	655
A6UYE6	A4VGL9	0.912	264	23	0	1	264	1	264	1.260E-202	618
P54081	P54081	1.000	264	0	0	1	264	1	264	3.348E-219	664
P54081	A7Z5T3	0.988	264	3	0	1	264	1	264	2.209E-216	656
P54081	E0U0H8	0.958	264	11	0	1	264	1	264	1.420E-211	643
P54081	P11044	0.946	264	14	0	1	264	1	264	6.371E-209	635
Q07YY3	Q07YY3	1.000	283	0	0	1	283	1	283	3.227E-234	709
A3D1U3	A3D1U3	1.000	264	0	0	1	264	1	264	7.025E-217	658
A3D1U3	A6WKP4	0.996	264	1	0	1	264	1	264	2.209E-216	656
A3D1U3	A9L5M3	0.996	264	1	0	1	264	1	264	2.209E-216	656
A3D1U3	B8EBR5	0.992	264	2	0	1	264	1	264	6.943E-216	655
A3D1U3	Q0HG85	0.958	264	11	0	1	264	1	264	6.453E-210	638
A3D1U3	Q0HSH8	0.958	264	11	0	1	264	1	264	6.453E-210	638
A3D1U3	A1RME0	0.958	264	11	0	1	264	1	264	9.451E-210	638
A3D1U3	A4Y4J1	0.958	264	11	0	1	264	1	264	9.451E-210	638
A3D1U3	Q8EH94	0.954	264	12	0	1	264	1	264	9.331E-209	635
A3D1U3	A0KZP5	0.954	264	12	0	1	264	1	264	2.932E-208	634
B8CQK7	B8CQK7	1.000	283	0	0	1	283	1	283	1.504E-234	710
B8CQK7	B0TIU4	0.915	283	24	0	1	283	1	283	1.172E-215	657
B8CQK7	A8H1B4	0.904	283	27	0	1	283	1	283	7.654E-213	649
Q6FZ91	Q6FZ91	1.000	264	0	0	1	264	1	264	3.198E-215	653
Q6FZ91	Q6G2S8	0.931	264	18	0	1	264	1	264	1.845E-202	617
A6LIC2	A6LIC2	1.000	264	0	0	1	264	1	264	2.209E-216	656
Q02U73	B7V2Q5	1.000	264	0	0	1	264	1	264	1.560E-219	665
Q02U73	Q02U73	1.000	264	0	0	1	264	1	264	1.560E-219	665
Q02U73	Q9I6F1	1.000	264	0	0	1	264	1	264	1.560E-219	665
Q02U73	A6UYE6	0.981	264	5	0	1	264	1	264	4.740E-216	655
Q02U73	A4VGL9	0.912	264	23	0	1	264	1	264	1.260E-202	618
B6JB67	B6JB67	1.000	264	0	0	1	264	1	264	4.850E-218	661
Q2NRH3	Q2NRH3	1.000	264	0	0	1	264	1	264	1.525E-217	659
P11044	P11044	1.000	264	0	0	1	264	1	264	7.186E-219	663
P11044	E0U0H8	0.969	264	8	0	1	264	1	264	2.131E-213	648
P11044	A7Z5T3	0.946	264	14	0	1	264	1	264	6.371E-209	635
P11044	P54081	0.946	264	14	0	1	264	1	264	6.371E-209	635
E0U0H8	E0U0H8	1.000	264	0	0	1	264	1	264	4.905E-219	664
E0U0H8	P11044	0.969	264	8	0	1	264	1	264	2.131E-213	648
E0U0H8	A7Z5T3	0.958	264	11	0	1	264	1	264	1.420E-211	643
E0U0H8	P54081	0.958	264	11	0	1	264	1	264	1.420E-211	643
Q7VUE3	Q7VUE3	1.000	323	0	0	1	323	1	323	2.761E-267	808
Q7VUE3	Q7W1A9	0.987	323	4	0	1	323	1	323	1.224E-263	797
Q7VUE3	Q7WP13	0.987	323	4	0	1	323	1	323	1.224E-263	797
C1D070	C1D070	1.000	264	0	0	1	264	1	264	3.348E-219	664
C1D4I5	C1D4I5	1.000	264	0	0	1	264	1	264	3.311E-218	661
C5BH86	C5BH86	1.000	264	0	0	1	264	1	264	1.041E-217	660
A7Z5T3	A7Z5T3	1.000	264	0	0	1	264	1	264	1.065E-219	665
A7Z5T3	P54081	0.988	264	3	0	1	264	1	264	2.209E-216	656
A7Z5T3	E0U0H8	0.958	264	11	0	1	264	1	264	1.420E-211	643
A7Z5T3	P11044	0.946	264	14	0	1	264	1	264	6.371E-209	635
B7GI39	B7GI39	1.000	264	0	0	1	264	1	264	1.029E-216	657
Q15P51	Q15P51	1.000	283	0	0	1	283	1	283	7.007E-235	711
Q7N8U4	Q7N8U4	1.000	264	0	0	1	264	1	264	7.186E-219	663
Q7N8U4	A8GIH7	0.912	264	23	0	1	264	1	264	1.819E-201	615
Q7N8U4	Q6REU8	0.905	264	25	0	1	264	1	264	5.629E-200	610
Q7N8U4	A9N2L7	0.905	264	25	0	1	264	1	264	3.732E-198	605
Q7N8U4	Q57KB6	0.905	264	25	0	1	264	1	264	3.732E-198	605
Q7N8U4	Q5PEN6	0.905	264	25	0	1	264	1	264	3.732E-198	605
Q7N8U4	Q8ZMA9	0.905	264	25	0	1	264	1	264	3.732E-198	605
Q7N8U4	C0PXI9	0.901	264	26	0	1	264	1	264	2.511E-197	603
Q5ZRL3	Q5ZRL3	1.000	264	0	0	1	264	1	264	6.943E-216	655
Q5ZRL3	Q5WSU5	0.981	264	5	0	1	264	1	264	3.084E-212	645
Q5ZRL3	Q5X119	0.977	264	6	0	1	264	1	264	3.046E-211	642
Q5ZRL3	A5II41	0.973	264	7	0	1	264	1	264	9.572E-211	640
A7HVX4	A7HVX4	1.000	264	0	0	1	264	1	264	2.234E-217	659
A5CWK3	A5CWK3	1.000	264	0	0	1	264	1	264	2.260E-218	662
Q4QM04	Q4QM04	1.000	283	0	0	1	283	1	283	1.486E-233	707
Q4QM04	P44420	0.992	283	2	0	1	283	1	283	6.764E-232	702
Q4QM04	A5UDH0	0.989	283	3	0	1	283	1	283	1.434E-230	699
Q4QM04	A5UI47	0.985	283	4	0	1	283	1	283	9.671E-230	696
Q6REU8	Q6REU8	1.000	264	0	0	1	264	1	264	2.311E-220	667
Q6REU8	Q7N8U4	0.905	264	25	0	1	264	1	264	5.629E-200	610
Q6REU8	A9N2L7	0.901	264	26	0	1	264	1	264	1.767E-199	609
Q6REU8	Q57KB6	0.901	264	26	0	1	264	1	264	1.767E-199	609
Q6REU8	Q5PEN6	0.901	264	26	0	1	264	1	264	1.767E-199	609
Q6REU8	Q8ZMA9	0.901	264	26	0	1	264	1	264	1.767E-199	609
Q6REU8	C6DAE9	0.901	264	26	0	1	264	1	264	8.121E-199	607
Q0T137	P48464	1.000	264	0	0	1	264	1	264	1.088E-221	671
Q0T137	Q0T137	1.000	264	0	0	1	264	1	264	1.088E-221	671
Q0T137	A1AF39	0.996	264	1	0	1	264	1	264	1.594E-221	671
Q0T137	A7ZQT3	0.996	264	1	0	1	264	1	264	1.594E-221	671
Q0T137	B7LF04	0.996	264	1	0	1	264	1	264	1.594E-221	671
Q0T137	B7LY83	0.996	264	1	0	1	264	1	264	1.594E-221	671
Q0T137	B7MLH3	0.996	264	1	0	1	264	1	264	1.594E-221	671
Q0T137	B7MZC6	0.996	264	1	0	1	264	1	264	1.594E-221	671
Q0T137	B7N759	0.996	264	1	0	1	264	1	264	1.594E-221	671
Q0T137	B7NVX2	0.996	264	1	0	1	264	1	264	1.594E-221	671
Q0T137	B7UHP4	0.996	264	1	0	1	264	1	264	1.594E-221	671
Q0T137	C4ZZX9	0.996	264	1	0	1	264	1	264	1.594E-221	671
Q0T137	P0A884	0.996	264	1	0	1	264	1	264	1.594E-221	671
Q0T137	P0A885	0.996	264	1	0	1	264	1	264	1.594E-221	671
Q0T137	P0A886	0.996	264	1	0	1	264	1	264	1.594E-221	671
Q0T137	Q0TE05	0.996	264	1	0	1	264	1	264	1.594E-221	671
Q0T137	Q1R7I6	0.996	264	1	0	1	264	1	264	1.594E-221	671
Q0T137	Q3YY33	0.996	264	1	0	1	264	1	264	1.594E-221	671
Q0T137	A8A3W0	0.992	264	2	0	1	264	1	264	1.076E-220	668
Q0T137	B1IU17	0.992	264	2	0	1	264	1	264	1.076E-220	668
Q0T137	Q31XG0	0.992	264	2	0	1	264	1	264	3.385E-220	667
Q0T137	Q32C94	0.988	264	3	0	1	264	1	264	4.960E-220	666
Q0T137	B7LNI2	0.988	264	3	0	1	264	1	264	1.560E-219	665
Q0T137	A8AP42	0.958	264	11	0	1	264	1	264	2.183E-215	653
Q0T137	A9N2L7	0.958	264	11	0	1	264	1	264	3.198E-215	653
Q0T137	Q57KB6	0.958	264	11	0	1	264	1	264	3.198E-215	653
Q0T137	Q5PEN6	0.958	264	11	0	1	264	1	264	3.198E-215	653
Q0T137	Q8ZMA9	0.958	264	11	0	1	264	1	264	3.198E-215	653
Q0T137	C0PXI9	0.954	264	12	0	1	264	1	264	2.157E-214	651
Q0T137	Q8Z412	0.950	264	13	0	1	264	1	264	2.131E-213	648
Q0T137	A9MS82	0.946	264	14	0	1	264	1	264	6.699E-213	646
Q0T137	A4WE03	0.950	264	13	0	1	264	1	264	1.437E-212	646
Q0T137	A6TDG3	0.939	264	16	0	1	264	1	264	1.420E-211	643
Q0T137	A7MR31	0.916	264	22	0	1	264	1	264	4.181E-206	628
A7MXJ9	A7MXJ9	1.000	283	0	0	1	283	1	283	1.050E-236	716
A7MXJ9	Q8DER9	0.950	283	14	0	1	283	1	283	1.364E-226	688
A7MXJ9	Q87SA0	0.950	283	14	0	1	283	1	283	4.286E-226	686
A7MXJ9	Q7MNN6	0.946	283	15	0	1	283	1	283	4.286E-226	686
A7MXJ9	B7VJ78	0.915	283	24	0	1	283	1	283	1.793E-218	665
A7MXJ9	A5F8Y6	0.901	283	28	0	1	283	1	283	5.308E-214	653
E0TVT6	E0TVT6	1.000	279	0	0	1	279	1	279	8.647E-232	702
E0TVT6	P07606	0.967	279	9	0	1	279	1	279	5.497E-226	685
E0TVT6	P0CI79	0.967	279	9	0	1	279	1	279	7.953E-225	682
E0TVT6	Q5D189	0.956	279	12	0	1	279	1	279	1.685E-223	678
E0TVT6	Q9ANR7	0.953	279	13	0	1	279	1	279	1.663E-222	676
Q2W7P4	Q2W7P4	1.000	264	0	0	1	264	1	264	6.943E-216	655
P0A884	A1AF39	1.000	264	0	0	1	264	1	264	1.088E-221	671
P0A884	A7ZQT3	1.000	264	0	0	1	264	1	264	1.088E-221	671
P0A884	B7LF04	1.000	264	0	0	1	264	1	264	1.088E-221	671
P0A884	B7LY83	1.000	264	0	0	1	264	1	264	1.088E-221	671
P0A884	B7MLH3	1.000	264	0	0	1	264	1	264	1.088E-221	671
P0A884	B7MZC6	1.000	264	0	0	1	264	1	264	1.088E-221	671
P0A884	B7N759	1.000	264	0	0	1	264	1	264	1.088E-221	671
P0A884	B7NVX2	1.000	264	0	0	1	264	1	264	1.088E-221	671
P0A884	B7UHP4	1.000	264	0	0	1	264	1	264	1.088E-221	671
P0A884	C4ZZX9	1.000	264	0	0	1	264	1	264	1.088E-221	671
P0A884	P0A884	1.000	264	0	0	1	264	1	264	1.088E-221	671
P0A884	P0A885	1.000	264	0	0	1	264	1	264	1.088E-221	671
P0A884	P0A886	1.000	264	0	0	1	264	1	264	1.088E-221	671
P0A884	Q0TE05	1.000	264	0	0	1	264	1	264	1.088E-221	671
P0A884	Q1R7I6	1.000	264	0	0	1	264	1	264	1.088E-221	671
P0A884	Q3YY33	1.000	264	0	0	1	264	1	264	1.088E-221	671
P0A884	P48464	0.996	264	1	0	1	264	1	264	1.594E-221	671
P0A884	Q0T137	0.996	264	1	0	1	264	1	264	1.594E-221	671
P0A884	A8A3W0	0.996	264	1	0	1	264	1	264	7.347E-221	669
P0A884	B1IU17	0.996	264	1	0	1	264	1	264	7.347E-221	669
P0A884	Q31XG0	0.996	264	1	0	1	264	1	264	2.311E-220	667
P0A884	Q32C94	0.992	264	2	0	1	264	1	264	3.385E-220	667
P0A884	B7LNI2	0.992	264	2	0	1	264	1	264	1.065E-219	665
P0A884	A8AP42	0.962	264	10	0	1	264	1	264	1.490E-215	654
P0A884	A9N2L7	0.962	264	10	0	1	264	1	264	2.183E-215	653
P0A884	Q57KB6	0.962	264	10	0	1	264	1	264	2.183E-215	653
P0A884	Q5PEN6	0.962	264	10	0	1	264	1	264	2.183E-215	653
P0A884	Q8ZMA9	0.962	264	10	0	1	264	1	264	2.183E-215	653
P0A884	C0PXI9	0.958	264	11	0	1	264	1	264	1.473E-214	651
P0A884	Q8Z412	0.954	264	12	0	1	264	1	264	1.455E-213	648
P0A884	A9MS82	0.950	264	13	0	1	264	1	264	4.573E-213	647
P0A884	A4WE03	0.954	264	12	0	1	264	1	264	9.812E-213	646
P0A884	A6TDG3	0.943	264	15	0	1	264	1	264	9.692E-212	643
P0A884	A7MR31	0.920	264	21	0	1	264	1	264	2.855E-206	628
Q98Q31	Q98Q31	1.000	286	0	0	1	286	1	286	1.477E-232	705
A3QBR4	A3QBR4	1.000	283	0	0	1	283	1	283	2.203E-234	709
A1JPC9	A1JPC9	1.000	264	0	0	1	264	1	264	2.260E-218	662
A1JPC9	A7FFE0	0.943	264	15	0	1	264	1	264	1.976E-207	631
A1JPC9	Q667F9	0.943	264	15	0	1	264	1	264	1.976E-207	631
A1JPC9	A4TLC5	0.935	264	17	0	1	264	1	264	6.124E-206	627
A1JPC9	Q1CAR9	0.935	264	17	0	1	264	1	264	6.124E-206	627
A1JPC9	Q1CFB5	0.935	264	17	0	1	264	1	264	6.124E-206	627
A1JPC9	Q8ZHV1	0.935	264	17	0	1	264	1	264	6.124E-206	627
A1JPC9	A8GIH7	0.909	264	24	0	1	264	1	264	1.793E-200	612
A9N2L7	A9N2L7	1.000	264	0	0	1	264	1	264	7.347E-221	669
A9N2L7	Q57KB6	1.000	264	0	0	1	264	1	264	7.347E-221	669
A9N2L7	Q5PEN6	1.000	264	0	0	1	264	1	264	7.347E-221	669
A9N2L7	Q8ZMA9	1.000	264	0	0	1	264	1	264	7.347E-221	669
A9N2L7	C0PXI9	0.996	264	1	0	1	264	1	264	4.960E-220	666
A9N2L7	Q8Z412	0.992	264	2	0	1	264	1	264	4.905E-219	664
A9N2L7	B7LNI2	0.965	264	9	0	1	264	1	264	3.235E-216	656
A9N2L7	A9MS82	0.973	264	7	0	1	264	1	264	6.943E-216	655
A9N2L7	A1AF39	0.962	264	10	0	1	264	1	264	2.183E-215	653
A9N2L7	A7ZQT3	0.962	264	10	0	1	264	1	264	2.183E-215	653
A9N2L7	B7LF04	0.962	264	10	0	1	264	1	264	2.183E-215	653
A9N2L7	B7LY83	0.962	264	10	0	1	264	1	264	2.183E-215	653
A9N2L7	B7MLH3	0.962	264	10	0	1	264	1	264	2.183E-215	653
A9N2L7	B7MZC6	0.962	264	10	0	1	264	1	264	2.183E-215	653
A9N2L7	B7N759	0.962	264	10	0	1	264	1	264	2.183E-215	653
A9N2L7	B7NVX2	0.962	264	10	0	1	264	1	264	2.183E-215	653
A9N2L7	B7UHP4	0.962	264	10	0	1	264	1	264	2.183E-215	653
A9N2L7	C4ZZX9	0.962	264	10	0	1	264	1	264	2.183E-215	653
A9N2L7	P0A884	0.962	264	10	0	1	264	1	264	2.183E-215	653
A9N2L7	P0A885	0.962	264	10	0	1	264	1	264	2.183E-215	653
A9N2L7	P0A886	0.962	264	10	0	1	264	1	264	2.183E-215	653
A9N2L7	Q0TE05	0.962	264	10	0	1	264	1	264	2.183E-215	653
A9N2L7	Q1R7I6	0.962	264	10	0	1	264	1	264	2.183E-215	653
A9N2L7	Q3YY33	0.962	264	10	0	1	264	1	264	2.183E-215	653
A9N2L7	A8AP42	0.962	264	10	0	1	264	1	264	3.198E-215	653
A9N2L7	P48464	0.958	264	11	0	1	264	1	264	3.198E-215	653
A9N2L7	Q0T137	0.958	264	11	0	1	264	1	264	3.198E-215	653
A9N2L7	Q32C94	0.962	264	10	0	1	264	1	264	4.684E-215	653
A9N2L7	A8A3W0	0.958	264	11	0	1	264	1	264	1.473E-214	651
A9N2L7	B1IU17	0.958	264	11	0	1	264	1	264	1.473E-214	651
A9N2L7	Q31XG0	0.958	264	11	0	1	264	1	264	4.629E-214	650
A9N2L7	A4WE03	0.946	264	14	0	1	264	1	264	3.046E-211	642
A9N2L7	A6TDG3	0.935	264	17	0	1	264	1	264	1.367E-208	634
A9N2L7	A7MR31	0.916	264	22	0	1	264	1	264	4.069E-204	622
A9N2L7	Q6REU8	0.901	264	26	0	1	264	1	264	1.767E-199	609
A9N2L7	Q7N8U4	0.905	264	25	0	1	264	1	264	3.732E-198	605
A9N2L7	A8GIH7	0.901	264	26	0	1	264	1	264	1.171E-197	604
B8EBR5	B8EBR5	1.000	264	0	0	1	264	1	264	4.795E-217	658
B8EBR5	A6WKP4	0.996	264	1	0	1	264	1	264	1.508E-216	657
B8EBR5	A9L5M3	0.996	264	1	0	1	264	1	264	1.508E-216	657
B8EBR5	A3D1U3	0.992	264	2	0	1	264	1	264	6.943E-216	655
B8EBR5	A1RME0	0.965	264	9	0	1	264	1	264	6.535E-211	641
B8EBR5	A4Y4J1	0.965	264	9	0	1	264	1	264	6.535E-211	641
B8EBR5	Q0HG85	0.958	264	11	0	1	264	1	264	6.453E-210	638
B8EBR5	Q0HSH8	0.958	264	11	0	1	264	1	264	6.453E-210	638
B8EBR5	Q8EH94	0.954	264	12	0	1	264	1	264	9.331E-209	635
B8EBR5	A0KZP5	0.954	264	12	0	1	264	1	264	2.932E-208	634
P06785	P06785	1.000	304	0	0	1	304	1	304	1.315E-251	761
A9N980	A9KF61	1.000	264	0	0	1	264	1	264	1.065E-219	665
A9N980	A9N980	1.000	264	0	0	1	264	1	264	1.065E-219	665
A9N980	Q83BG2	1.000	264	0	0	1	264	1	264	1.065E-219	665
