O07104	O07104	1.000	318	0	0	1	318	1	318	1.780E-248	752
B8I6G6	B8I6G6	1.000	313	0	0	1	313	1	313	6.429E-249	753
Q039S2	Q039S2	1.000	313	0	0	1	313	1	313	5.734E-241	731
Q039S2	B3WDX7	0.993	313	2	0	1	313	1	313	1.192E-238	724
A7GDE2	A7GDE2	1.000	309	0	0	1	309	1	309	3.502E-242	733
A7GDE2	C1FME6	0.990	309	3	0	1	309	1	309	1.587E-240	729
A7GDE2	B1L164	0.987	309	4	0	1	309	1	309	2.324E-240	728
A7GDE2	B1IKR0	0.987	309	4	0	1	309	1	309	1.564E-239	726
A7GDE2	A5I1T3	0.980	309	6	0	1	309	1	309	7.190E-239	724
A7GDE2	A7FTX8	0.980	309	6	0	1	309	1	309	7.190E-239	724
A7GDE2	C3KV90	0.977	309	7	0	1	309	1	309	3.305E-238	722
Q03J09	Q03J09	1.000	316	0	0	1	316	1	316	6.077E-245	742
Q03J09	Q5LY91	1.000	316	0	0	1	316	1	316	6.077E-245	742
Q03J09	Q5M2U6	0.993	316	2	0	1	316	1	316	1.879E-243	738
P0DC36	A2RD40	1.000	316	0	0	1	316	1	316	1.936E-245	744
P0DC36	P0DC36	1.000	316	0	0	1	316	1	316	1.936E-245	744
P0DC36	P0DC37	1.000	316	0	0	1	316	1	316	1.936E-245	744
P0DC36	P65431	1.000	316	0	0	1	316	1	316	1.936E-245	744
P0DC36	P65433	1.000	316	0	0	1	316	1	316	1.936E-245	744
P0DC36	Q1JAG5	1.000	316	0	0	1	316	1	316	1.936E-245	744
P0DC36	Q1JFK8	1.000	316	0	0	1	316	1	316	1.936E-245	744
P0DC36	Q1JKL7	1.000	316	0	0	1	316	1	316	1.936E-245	744
P0DC36	Q48RZ0	1.000	316	0	0	1	316	1	316	1.936E-245	744
P0DC36	B5XML3	0.996	316	1	0	1	316	1	316	1.303E-244	741
P0DC36	Q5XAL3	0.993	316	2	0	1	316	1	316	5.988E-244	740
P0DC36	Q1J5F8	0.987	316	4	0	1	316	1	316	3.968E-242	734
P0DC36	C5WIJ4	0.958	316	13	0	1	316	1	316	7.611E-235	714
Q1J5F8	Q1J5F8	1.000	316	0	0	1	316	1	316	4.150E-245	743
Q1J5F8	A2RD40	0.987	316	4	0	1	316	1	316	3.968E-242	734
Q1J5F8	P0DC36	0.987	316	4	0	1	316	1	316	3.968E-242	734
Q1J5F8	P0DC37	0.987	316	4	0	1	316	1	316	3.968E-242	734
Q1J5F8	P65431	0.987	316	4	0	1	316	1	316	3.968E-242	734
Q1J5F8	P65433	0.987	316	4	0	1	316	1	316	3.968E-242	734
Q1J5F8	Q1JAG5	0.987	316	4	0	1	316	1	316	3.968E-242	734
Q1J5F8	Q1JFK8	0.987	316	4	0	1	316	1	316	3.968E-242	734
Q1J5F8	Q1JKL7	0.987	316	4	0	1	316	1	316	3.968E-242	734
Q1J5F8	Q48RZ0	0.987	316	4	0	1	316	1	316	3.968E-242	734
Q1J5F8	B5XML3	0.984	316	5	0	1	316	1	316	2.669E-241	732
Q1J5F8	Q5XAL3	0.981	316	6	0	1	316	1	316	1.226E-240	730
Q1J5F8	C5WIJ4	0.971	316	9	0	1	316	1	316	7.991E-238	722
Q5XAL3	Q5XAL3	1.000	316	0	0	1	316	1	316	4.150E-245	743
Q5XAL3	A2RD40	0.993	316	2	0	1	316	1	316	5.988E-244	740
Q5XAL3	P0DC36	0.993	316	2	0	1	316	1	316	5.988E-244	740
Q5XAL3	P0DC37	0.993	316	2	0	1	316	1	316	5.988E-244	740
Q5XAL3	P65431	0.993	316	2	0	1	316	1	316	5.988E-244	740
Q5XAL3	P65433	0.993	316	2	0	1	316	1	316	5.988E-244	740
Q5XAL3	Q1JAG5	0.993	316	2	0	1	316	1	316	5.988E-244	740
Q5XAL3	Q1JFK8	0.993	316	2	0	1	316	1	316	5.988E-244	740
Q5XAL3	Q1JKL7	0.993	316	2	0	1	316	1	316	5.988E-244	740
Q5XAL3	Q48RZ0	0.993	316	2	0	1	316	1	316	5.988E-244	740
Q5XAL3	B5XML3	0.990	316	3	0	1	316	1	316	4.029E-243	737
Q5XAL3	Q1J5F8	0.981	316	6	0	1	316	1	316	1.226E-240	730
Q5XAL3	C5WIJ4	0.958	316	13	0	1	316	1	316	7.611E-235	714
A3CPZ9	A3CPZ9	1.000	316	0	0	1	316	1	316	9.029E-246	745
Q1JAG5	A2RD40	1.000	316	0	0	1	316	1	316	1.936E-245	744
Q1JAG5	P0DC36	1.000	316	0	0	1	316	1	316	1.936E-245	744
Q1JAG5	P0DC37	1.000	316	0	0	1	316	1	316	1.936E-245	744
Q1JAG5	P65431	1.000	316	0	0	1	316	1	316	1.936E-245	744
Q1JAG5	P65433	1.000	316	0	0	1	316	1	316	1.936E-245	744
Q1JAG5	Q1JAG5	1.000	316	0	0	1	316	1	316	1.936E-245	744
Q1JAG5	Q1JFK8	1.000	316	0	0	1	316	1	316	1.936E-245	744
Q1JAG5	Q1JKL7	1.000	316	0	0	1	316	1	316	1.936E-245	744
Q1JAG5	Q48RZ0	1.000	316	0	0	1	316	1	316	1.936E-245	744
Q1JAG5	B5XML3	0.996	316	1	0	1	316	1	316	1.303E-244	741
Q1JAG5	Q5XAL3	0.993	316	2	0	1	316	1	316	5.988E-244	740
Q1JAG5	Q1J5F8	0.987	316	4	0	1	316	1	316	3.968E-242	734
Q1JAG5	C5WIJ4	0.958	316	13	0	1	316	1	316	7.611E-235	714
B2ISQ2	B2ISQ2	1.000	316	0	0	1	316	1	316	4.273E-247	748
B2ISQ2	B8ZL51	1.000	316	0	0	1	316	1	316	4.273E-247	748
B2ISQ2	C1CBB2	0.993	316	2	0	1	316	1	316	1.322E-245	744
B2ISQ2	P0CB58	0.993	316	2	0	1	316	1	316	6.077E-245	742
B2ISQ2	B5E6Z2	0.990	316	3	0	1	316	1	316	8.898E-245	742
B2ISQ2	C1CIJ8	0.990	316	3	0	1	316	1	316	8.898E-245	742
B2ISQ2	C1CCA8	0.990	316	3	0	1	316	1	316	8.898E-245	742
B2ISQ2	P59658	0.990	316	3	0	1	316	1	316	8.898E-245	742
B2ISQ2	Q04MC7	0.990	316	3	0	1	316	1	316	8.898E-245	742
B2ISQ2	C1CPL0	0.981	316	6	0	1	316	1	316	1.264E-242	736
B2ISQ2	B1I953	0.977	316	7	0	1	316	1	316	8.506E-242	733
Q97H81	Q97H81	1.000	312	0	0	1	312	1	312	5.353E-245	742
Q1JFK8	A2RD40	1.000	316	0	0	1	316	1	316	1.936E-245	744
Q1JFK8	P0DC36	1.000	316	0	0	1	316	1	316	1.936E-245	744
Q1JFK8	P0DC37	1.000	316	0	0	1	316	1	316	1.936E-245	744
Q1JFK8	P65431	1.000	316	0	0	1	316	1	316	1.936E-245	744
Q1JFK8	P65433	1.000	316	0	0	1	316	1	316	1.936E-245	744
Q1JFK8	Q1JAG5	1.000	316	0	0	1	316	1	316	1.936E-245	744
Q1JFK8	Q1JFK8	1.000	316	0	0	1	316	1	316	1.936E-245	744
Q1JFK8	Q1JKL7	1.000	316	0	0	1	316	1	316	1.936E-245	744
Q1JFK8	Q48RZ0	1.000	316	0	0	1	316	1	316	1.936E-245	744
Q1JFK8	B5XML3	0.996	316	1	0	1	316	1	316	1.303E-244	741
Q1JFK8	Q5XAL3	0.993	316	2	0	1	316	1	316	5.988E-244	740
Q1JFK8	Q1J5F8	0.987	316	4	0	1	316	1	316	3.968E-242	734
Q1JFK8	C5WIJ4	0.958	316	13	0	1	316	1	316	7.611E-235	714
B5XML3	B5XML3	1.000	316	0	0	1	316	1	316	2.834E-245	743
B5XML3	A2RD40	0.996	316	1	0	1	316	1	316	1.303E-244	741
B5XML3	P0DC36	0.996	316	1	0	1	316	1	316	1.303E-244	741
B5XML3	P0DC37	0.996	316	1	0	1	316	1	316	1.303E-244	741
B5XML3	P65431	0.996	316	1	0	1	316	1	316	1.303E-244	741
B5XML3	P65433	0.996	316	1	0	1	316	1	316	1.303E-244	741
B5XML3	Q1JAG5	0.996	316	1	0	1	316	1	316	1.303E-244	741
B5XML3	Q1JFK8	0.996	316	1	0	1	316	1	316	1.303E-244	741
B5XML3	Q1JKL7	0.996	316	1	0	1	316	1	316	1.303E-244	741
B5XML3	Q48RZ0	0.996	316	1	0	1	316	1	316	1.303E-244	741
B5XML3	Q5XAL3	0.990	316	3	0	1	316	1	316	4.029E-243	737
B5XML3	Q1J5F8	0.984	316	5	0	1	316	1	316	2.669E-241	732
B5XML3	C5WIJ4	0.955	316	14	0	1	316	1	316	5.114E-234	712
A0Q055	A0Q055	1.000	309	0	0	1	309	1	309	2.459E-244	740
P59658	C1CCA8	1.000	316	0	0	1	316	1	316	4.273E-247	748
P59658	P59658	1.000	316	0	0	1	316	1	316	4.273E-247	748
P59658	Q04MC7	1.000	316	0	0	1	316	1	316	4.273E-247	748
P59658	B5E6Z2	0.993	316	2	0	1	316	1	316	6.166E-246	745
P59658	C1CIJ8	0.993	316	2	0	1	316	1	316	6.166E-246	745
P59658	C1CBB2	0.990	316	3	0	1	316	1	316	8.898E-245	742
P59658	B2ISQ2	0.990	316	3	0	1	316	1	316	8.898E-245	742
P59658	B8ZL51	0.990	316	3	0	1	316	1	316	8.898E-245	742
P59658	P0CB58	0.990	316	3	0	1	316	1	316	4.089E-244	740
P59658	C1CPL0	0.984	316	5	0	1	316	1	316	8.767E-244	739
P59658	B1I953	0.981	316	6	0	1	316	1	316	5.899E-243	737
C1CPL0	C1CPL0	1.000	316	0	0	1	316	1	316	2.918E-247	749
C1CPL0	B1I953	0.990	316	3	0	1	316	1	316	1.936E-245	744
C1CPL0	B5E6Z2	0.990	316	3	0	1	316	1	316	4.150E-245	743
C1CPL0	C1CIJ8	0.990	316	3	0	1	316	1	316	4.150E-245	743
C1CPL0	C1CBB2	0.987	316	4	0	1	316	1	316	5.988E-244	740
C1CPL0	C1CCA8	0.984	316	5	0	1	316	1	316	8.767E-244	739
C1CPL0	P59658	0.984	316	5	0	1	316	1	316	8.767E-244	739
C1CPL0	Q04MC7	0.984	316	5	0	1	316	1	316	8.767E-244	739
C1CPL0	B2ISQ2	0.981	316	6	0	1	316	1	316	1.264E-242	736
C1CPL0	B8ZL51	0.981	316	6	0	1	316	1	316	1.264E-242	736
C1CPL0	P0CB58	0.981	316	6	0	1	316	1	316	5.810E-242	734
B1I953	B1I953	1.000	316	0	0	1	316	1	316	1.993E-247	749
B1I953	C1CPL0	0.990	316	3	0	1	316	1	316	1.936E-245	744
B1I953	B5E6Z2	0.987	316	4	0	1	316	1	316	2.793E-244	740
B1I953	C1CIJ8	0.987	316	4	0	1	316	1	316	2.793E-244	740
B1I953	C1CBB2	0.984	316	5	0	1	316	1	316	4.029E-243	737
B1I953	C1CCA8	0.981	316	6	0	1	316	1	316	5.899E-243	737
B1I953	P59658	0.981	316	6	0	1	316	1	316	5.899E-243	737
B1I953	Q04MC7	0.981	316	6	0	1	316	1	316	5.899E-243	737
B1I953	B2ISQ2	0.977	316	7	0	1	316	1	316	8.506E-242	733
B1I953	B8ZL51	0.977	316	7	0	1	316	1	316	8.506E-242	733
B1I953	P0CB58	0.977	316	7	0	1	316	1	316	3.908E-241	732
C5B9E8	C5B9E8	1.000	313	0	0	1	313	1	313	8.395E-241	730
C1CIJ8	B5E6Z2	1.000	316	0	0	1	316	1	316	2.918E-247	749
C1CIJ8	C1CIJ8	1.000	316	0	0	1	316	1	316	2.918E-247	749
C1CIJ8	C1CBB2	0.996	316	1	0	1	316	1	316	4.211E-246	746
C1CIJ8	C1CCA8	0.993	316	2	0	1	316	1	316	6.166E-246	745
C1CIJ8	P59658	0.993	316	2	0	1	316	1	316	6.166E-246	745
C1CIJ8	Q04MC7	0.993	316	2	0	1	316	1	316	6.166E-246	745
C1CIJ8	C1CPL0	0.990	316	3	0	1	316	1	316	4.150E-245	743
C1CIJ8	B2ISQ2	0.990	316	3	0	1	316	1	316	8.898E-245	742
C1CIJ8	B8ZL51	0.990	316	3	0	1	316	1	316	8.898E-245	742
C1CIJ8	B1I953	0.987	316	4	0	1	316	1	316	2.793E-244	740
C1CIJ8	P0CB58	0.990	316	3	0	1	316	1	316	4.089E-244	740
B9E0V5	B9E0V5	1.000	309	0	0	1	309	1	309	3.502E-242	733
A2RD40	A2RD40	1.000	316	0	0	1	316	1	316	1.936E-245	744
A2RD40	P0DC36	1.000	316	0	0	1	316	1	316	1.936E-245	744
A2RD40	P0DC37	1.000	316	0	0	1	316	1	316	1.936E-245	744
A2RD40	P65431	1.000	316	0	0	1	316	1	316	1.936E-245	744
A2RD40	P65433	1.000	316	0	0	1	316	1	316	1.936E-245	744
A2RD40	Q1JAG5	1.000	316	0	0	1	316	1	316	1.936E-245	744
A2RD40	Q1JFK8	1.000	316	0	0	1	316	1	316	1.936E-245	744
A2RD40	Q1JKL7	1.000	316	0	0	1	316	1	316	1.936E-245	744
A2RD40	Q48RZ0	1.000	316	0	0	1	316	1	316	1.936E-245	744
A2RD40	B5XML3	0.996	316	1	0	1	316	1	316	1.303E-244	741
A2RD40	Q5XAL3	0.993	316	2	0	1	316	1	316	5.988E-244	740
A2RD40	Q1J5F8	0.987	316	4	0	1	316	1	316	3.968E-242	734
A2RD40	C5WIJ4	0.958	316	13	0	1	316	1	316	7.611E-235	714
C1CCA8	C1CCA8	1.000	316	0	0	1	316	1	316	4.273E-247	748
C1CCA8	P59658	1.000	316	0	0	1	316	1	316	4.273E-247	748
C1CCA8	Q04MC7	1.000	316	0	0	1	316	1	316	4.273E-247	748
C1CCA8	B5E6Z2	0.993	316	2	0	1	316	1	316	6.166E-246	745
C1CCA8	C1CIJ8	0.993	316	2	0	1	316	1	316	6.166E-246	745
C1CCA8	C1CBB2	0.990	316	3	0	1	316	1	316	8.898E-245	742
C1CCA8	B2ISQ2	0.990	316	3	0	1	316	1	316	8.898E-245	742
C1CCA8	B8ZL51	0.990	316	3	0	1	316	1	316	8.898E-245	742
C1CCA8	P0CB58	0.990	316	3	0	1	316	1	316	4.089E-244	740
C1CCA8	C1CPL0	0.984	316	5	0	1	316	1	316	8.767E-244	739
C1CCA8	B1I953	0.981	316	6	0	1	316	1	316	5.899E-243	737
B1L164	B1L164	1.000	309	0	0	1	309	1	309	1.633E-242	734
B1L164	A7GDE2	0.987	309	4	0	1	309	1	309	2.324E-240	728
B1L164	C1FME6	0.990	309	3	0	1	309	1	309	4.983E-240	727
B1L164	A5I1T3	0.980	309	6	0	1	309	1	309	2.257E-238	723
B1L164	A7FTX8	0.980	309	6	0	1	309	1	309	2.257E-238	723
B1L164	C3KV90	0.977	309	7	0	1	309	1	309	1.037E-237	721
B1L164	B1IKR0	0.974	309	8	0	1	309	1	309	1.037E-237	721
Q5M2U6	Q5M2U6	1.000	316	0	0	1	316	1	316	6.077E-245	742
Q5M2U6	Q03J09	0.993	316	2	0	1	316	1	316	1.879E-243	738
Q5M2U6	Q5LY91	0.993	316	2	0	1	316	1	316	1.879E-243	738
P0CB58	P0CB58	1.000	316	0	0	1	316	1	316	1.361E-247	750
P0CB58	C1CBB2	0.993	316	2	0	1	316	1	316	6.077E-245	742
P0CB58	B2ISQ2	0.993	316	2	0	1	316	1	316	6.077E-245	742
P0CB58	B8ZL51	0.993	316	2	0	1	316	1	316	6.077E-245	742
P0CB58	B5E6Z2	0.990	316	3	0	1	316	1	316	4.089E-244	740
P0CB58	C1CIJ8	0.990	316	3	0	1	316	1	316	4.089E-244	740
P0CB58	C1CCA8	0.990	316	3	0	1	316	1	316	4.089E-244	740
P0CB58	P59658	0.990	316	3	0	1	316	1	316	4.089E-244	740
P0CB58	Q04MC7	0.990	316	3	0	1	316	1	316	4.089E-244	740
P0CB58	C1CPL0	0.981	316	6	0	1	316	1	316	5.810E-242	734
P0CB58	B1I953	0.977	316	7	0	1	316	1	316	3.908E-241	732
C1FME6	C1FME6	1.000	309	0	0	1	309	1	309	7.509E-242	733
C1FME6	A7GDE2	0.990	309	3	0	1	309	1	309	1.587E-240	729
C1FME6	A5I1T3	0.990	309	3	0	1	309	1	309	3.403E-240	728
C1FME6	A7FTX8	0.990	309	3	0	1	309	1	309	3.403E-240	728
C1FME6	B1L164	0.990	309	3	0	1	309	1	309	4.983E-240	727
C1FME6	C3KV90	0.987	309	4	0	1	309	1	309	1.564E-239	726
C1FME6	B1IKR0	0.983	309	5	0	1	309	1	309	1.564E-239	726
B3WDX7	B3WDX7	1.000	313	0	0	1	313	1	313	2.635E-240	729
B3WDX7	Q039S2	0.993	313	2	0	1	313	1	313	1.192E-238	724
B1IKR0	B1IKR0	1.000	309	0	0	1	309	1	309	3.502E-242	733
B1IKR0	A5I1T3	0.993	309	2	0	1	309	1	309	1.610E-241	732
B1IKR0	A7FTX8	0.993	309	2	0	1	309	1	309	1.610E-241	732
B1IKR0	C3KV90	0.990	309	3	0	1	309	1	309	7.403E-241	730
B1IKR0	C1FME6	0.983	309	5	0	1	309	1	309	1.564E-239	726
B1IKR0	A7GDE2	0.987	309	4	0	1	309	1	309	1.564E-239	726
B1IKR0	B1L164	0.974	309	8	0	1	309	1	309	1.037E-237	721
A5VJ28	A5VJ28	1.000	318	0	0	1	318	1	318	2.569E-247	749
A5VJ28	B2G6K1	1.000	318	0	0	1	318	1	318	2.569E-247	749
A3DE34	A3DE34	1.000	313	0	0	1	313	1	313	2.835E-245	743
B2G6K1	A5VJ28	1.000	318	0	0	1	318	1	318	2.569E-247	749
B2G6K1	B2G6K1	1.000	318	0	0	1	318	1	318	2.569E-247	749
A5I1T3	A5I1T3	1.000	309	0	0	1	309	1	309	3.502E-242	733
A5I1T3	A7FTX8	1.000	309	0	0	1	309	1	309	3.502E-242	733
A5I1T3	C3KV90	0.996	309	1	0	1	309	1	309	1.610E-241	732
A5I1T3	B1IKR0	0.993	309	2	0	1	309	1	309	1.610E-241	732
A5I1T3	C1FME6	0.990	309	3	0	1	309	1	309	3.403E-240	728
A5I1T3	A7GDE2	0.980	309	6	0	1	309	1	309	7.190E-239	724
A5I1T3	B1L164	0.980	309	6	0	1	309	1	309	2.257E-238	723
Q5LY91	Q03J09	1.000	316	0	0	1	316	1	316	6.077E-245	742
Q5LY91	Q5LY91	1.000	316	0	0	1	316	1	316	6.077E-245	742
Q5LY91	Q5M2U6	0.993	316	2	0	1	316	1	316	1.879E-243	738
Q48RZ0	A2RD40	1.000	316	0	0	1	316	1	316	1.936E-245	744
Q48RZ0	P0DC36	1.000	316	0	0	1	316	1	316	1.936E-245	744
Q48RZ0	P0DC37	1.000	316	0	0	1	316	1	316	1.936E-245	744
Q48RZ0	P65431	1.000	316	0	0	1	316	1	316	1.936E-245	744
Q48RZ0	P65433	1.000	316	0	0	1	316	1	316	1.936E-245	744
Q48RZ0	Q1JAG5	1.000	316	0	0	1	316	1	316	1.936E-245	744
Q48RZ0	Q1JFK8	1.000	316	0	0	1	316	1	316	1.936E-245	744
Q48RZ0	Q1JKL7	1.000	316	0	0	1	316	1	316	1.936E-245	744
Q48RZ0	Q48RZ0	1.000	316	0	0	1	316	1	316	1.936E-245	744
Q48RZ0	B5XML3	0.996	316	1	0	1	316	1	316	1.303E-244	741
Q48RZ0	Q5XAL3	0.993	316	2	0	1	316	1	316	5.988E-244	740
Q48RZ0	Q1J5F8	0.987	316	4	0	1	316	1	316	3.968E-242	734
Q48RZ0	C5WIJ4	0.958	316	13	0	1	316	1	316	7.611E-235	714
C1CBB2	C1CBB2	1.000	316	0	0	1	316	1	316	6.256E-247	748
C1CBB2	B5E6Z2	0.996	316	1	0	1	316	1	316	4.211E-246	746
C1CBB2	C1CIJ8	0.996	316	1	0	1	316	1	316	4.211E-246	746
C1CBB2	B2ISQ2	0.993	316	2	0	1	316	1	316	1.322E-245	744
C1CBB2	B8ZL51	0.993	316	2	0	1	316	1	316	1.322E-245	744
C1CBB2	P0CB58	0.993	316	2	0	1	316	1	316	6.077E-245	742
C1CBB2	C1CCA8	0.990	316	3	0	1	316	1	316	8.898E-245	742
C1CBB2	P59658	0.990	316	3	0	1	316	1	316	8.898E-245	742
C1CBB2	Q04MC7	0.990	316	3	0	1	316	1	316	8.898E-245	742
C1CBB2	C1CPL0	0.987	316	4	0	1	316	1	316	5.988E-244	740
C1CBB2	B1I953	0.984	316	5	0	1	316	1	316	4.029E-243	737
B0S0Y9	B0S0Y9	1.000	312	0	0	1	312	1	312	3.863E-249	753
Q8GE08	Q8GE08	1.000	312	0	0	1	312	1	312	5.202E-243	736
P0DC37	A2RD40	1.000	316	0	0	1	316	1	316	1.936E-245	744
P0DC37	P0DC36	1.000	316	0	0	1	316	1	316	1.936E-245	744
P0DC37	P0DC37	1.000	316	0	0	1	316	1	316	1.936E-245	744
P0DC37	P65431	1.000	316	0	0	1	316	1	316	1.936E-245	744
P0DC37	P65433	1.000	316	0	0	1	316	1	316	1.936E-245	744
P0DC37	Q1JAG5	1.000	316	0	0	1	316	1	316	1.936E-245	744
P0DC37	Q1JFK8	1.000	316	0	0	1	316	1	316	1.936E-245	744
P0DC37	Q1JKL7	1.000	316	0	0	1	316	1	316	1.936E-245	744
P0DC37	Q48RZ0	1.000	316	0	0	1	316	1	316	1.936E-245	744
P0DC37	B5XML3	0.996	316	1	0	1	316	1	316	1.303E-244	741
P0DC37	Q5XAL3	0.993	316	2	0	1	316	1	316	5.988E-244	740
P0DC37	Q1J5F8	0.987	316	4	0	1	316	1	316	3.968E-242	734
P0DC37	C5WIJ4	0.958	316	13	0	1	316	1	316	7.611E-235	714
Q04MC7	C1CCA8	1.000	316	0	0	1	316	1	316	4.273E-247	748
Q04MC7	P59658	1.000	316	0	0	1	316	1	316	4.273E-247	748
Q04MC7	Q04MC7	1.000	316	0	0	1	316	1	316	4.273E-247	748
Q04MC7	B5E6Z2	0.993	316	2	0	1	316	1	316	6.166E-246	745
Q04MC7	C1CIJ8	0.993	316	2	0	1	316	1	316	6.166E-246	745
Q04MC7	C1CBB2	0.990	316	3	0	1	316	1	316	8.898E-245	742
Q04MC7	B2ISQ2	0.990	316	3	0	1	316	1	316	8.898E-245	742
Q04MC7	B8ZL51	0.990	316	3	0	1	316	1	316	8.898E-245	742
Q04MC7	P0CB58	0.990	316	3	0	1	316	1	316	4.089E-244	740
Q04MC7	C1CPL0	0.984	316	5	0	1	316	1	316	8.767E-244	739
Q04MC7	B1I953	0.981	316	6	0	1	316	1	316	5.899E-243	737
P65433	A2RD40	1.000	316	0	0	1	316	1	316	1.936E-245	744
P65433	P0DC36	1.000	316	0	0	1	316	1	316	1.936E-245	744
P65433	P0DC37	1.000	316	0	0	1	316	1	316	1.936E-245	744
P65433	P65431	1.000	316	0	0	1	316	1	316	1.936E-245	744
P65433	P65433	1.000	316	0	0	1	316	1	316	1.936E-245	744
P65433	Q1JAG5	1.000	316	0	0	1	316	1	316	1.936E-245	744
P65433	Q1JFK8	1.000	316	0	0	1	316	1	316	1.936E-245	744
P65433	Q1JKL7	1.000	316	0	0	1	316	1	316	1.936E-245	744
P65433	Q48RZ0	1.000	316	0	0	1	316	1	316	1.936E-245	744
P65433	B5XML3	0.996	316	1	0	1	316	1	316	1.303E-244	741
P65433	Q5XAL3	0.993	316	2	0	1	316	1	316	5.988E-244	740
P65433	Q1J5F8	0.987	316	4	0	1	316	1	316	3.968E-242	734
P65433	C5WIJ4	0.958	316	13	0	1	316	1	316	7.611E-235	714
Q1JKL7	A2RD40	1.000	316	0	0	1	316	1	316	1.936E-245	744
Q1JKL7	P0DC36	1.000	316	0	0	1	316	1	316	1.936E-245	744
Q1JKL7	P0DC37	1.000	316	0	0	1	316	1	316	1.936E-245	744
Q1JKL7	P65431	1.000	316	0	0	1	316	1	316	1.936E-245	744
Q1JKL7	P65433	1.000	316	0	0	1	316	1	316	1.936E-245	744
Q1JKL7	Q1JAG5	1.000	316	0	0	1	316	1	316	1.936E-245	744
Q1JKL7	Q1JFK8	1.000	316	0	0	1	316	1	316	1.936E-245	744
Q1JKL7	Q1JKL7	1.000	316	0	0	1	316	1	316	1.936E-245	744
Q1JKL7	Q48RZ0	1.000	316	0	0	1	316	1	316	1.936E-245	744
Q1JKL7	B5XML3	0.996	316	1	0	1	316	1	316	1.303E-244	741
Q1JKL7	Q5XAL3	0.993	316	2	0	1	316	1	316	5.988E-244	740
Q1JKL7	Q1J5F8	0.987	316	4	0	1	316	1	316	3.968E-242	734
Q1JKL7	C5WIJ4	0.958	316	13	0	1	316	1	316	7.611E-235	714
B5E6Z2	B5E6Z2	1.000	316	0	0	1	316	1	316	2.918E-247	749
B5E6Z2	C1CIJ8	1.000	316	0	0	1	316	1	316	2.918E-247	749
B5E6Z2	C1CBB2	0.996	316	1	0	1	316	1	316	4.211E-246	746
B5E6Z2	C1CCA8	0.993	316	2	0	1	316	1	316	6.166E-246	745
B5E6Z2	P59658	0.993	316	2	0	1	316	1	316	6.166E-246	745
B5E6Z2	Q04MC7	0.993	316	2	0	1	316	1	316	6.166E-246	745
B5E6Z2	C1CPL0	0.990	316	3	0	1	316	1	316	4.150E-245	743
B5E6Z2	B2ISQ2	0.990	316	3	0	1	316	1	316	8.898E-245	742
B5E6Z2	B8ZL51	0.990	316	3	0	1	316	1	316	8.898E-245	742
B5E6Z2	B1I953	0.987	316	4	0	1	316	1	316	2.793E-244	740
B5E6Z2	P0CB58	0.990	316	3	0	1	316	1	316	4.089E-244	740
C3KV90	C3KV90	1.000	309	0	0	1	309	1	309	3.502E-242	733
C3KV90	A5I1T3	0.996	309	1	0	1	309	1	309	1.610E-241	732
C3KV90	A7FTX8	0.996	309	1	0	1	309	1	309	1.610E-241	732
C3KV90	B1IKR0	0.990	309	3	0	1	309	1	309	7.403E-241	730
C3KV90	C1FME6	0.987	309	4	0	1	309	1	309	1.564E-239	726
C3KV90	A7GDE2	0.977	309	7	0	1	309	1	309	3.305E-238	722
C3KV90	B1L164	0.977	309	7	0	1	309	1	309	1.037E-237	721
C5WIJ4	C5WIJ4	1.000	316	0	0	1	316	1	316	6.166E-246	745
C5WIJ4	Q1J5F8	0.971	316	9	0	1	316	1	316	7.991E-238	722
C5WIJ4	Q5XAL3	0.958	316	13	0	1	316	1	316	7.611E-235	714
C5WIJ4	A2RD40	0.958	316	13	0	1	316	1	316	7.611E-235	714
C5WIJ4	P0DC36	0.958	316	13	0	1	316	1	316	7.611E-235	714
C5WIJ4	P0DC37	0.958	316	13	0	1	316	1	316	7.611E-235	714
C5WIJ4	P65431	0.958	316	13	0	1	316	1	316	7.611E-235	714
C5WIJ4	P65433	0.958	316	13	0	1	316	1	316	7.611E-235	714
C5WIJ4	Q1JAG5	0.958	316	13	0	1	316	1	316	7.611E-235	714
C5WIJ4	Q1JFK8	0.958	316	13	0	1	316	1	316	7.611E-235	714
C5WIJ4	Q1JKL7	0.958	316	13	0	1	316	1	316	7.611E-235	714
C5WIJ4	Q48RZ0	0.958	316	13	0	1	316	1	316	7.611E-235	714
C5WIJ4	B5XML3	0.955	316	14	0	1	316	1	316	5.114E-234	712
Q182Z2	Q182Z2	1.000	311	0	0	1	311	1	311	1.039E-246	746
A7FTX8	A5I1T3	1.000	309	0	0	1	309	1	309	3.502E-242	733
A7FTX8	A7FTX8	1.000	309	0	0	1	309	1	309	3.502E-242	733
A7FTX8	C3KV90	0.996	309	1	0	1	309	1	309	1.610E-241	732
A7FTX8	B1IKR0	0.993	309	2	0	1	309	1	309	1.610E-241	732
A7FTX8	C1FME6	0.990	309	3	0	1	309	1	309	3.403E-240	728
A7FTX8	A7GDE2	0.980	309	6	0	1	309	1	309	7.190E-239	724
A7FTX8	B1L164	0.980	309	6	0	1	309	1	309	2.257E-238	723
P65431	A2RD40	1.000	316	0	0	1	316	1	316	1.936E-245	744
P65431	P0DC36	1.000	316	0	0	1	316	1	316	1.936E-245	744
P65431	P0DC37	1.000	316	0	0	1	316	1	316	1.936E-245	744
P65431	P65431	1.000	316	0	0	1	316	1	316	1.936E-245	744
P65431	P65433	1.000	316	0	0	1	316	1	316	1.936E-245	744
P65431	Q1JAG5	1.000	316	0	0	1	316	1	316	1.936E-245	744
P65431	Q1JFK8	1.000	316	0	0	1	316	1	316	1.936E-245	744
P65431	Q1JKL7	1.000	316	0	0	1	316	1	316	1.936E-245	744
P65431	Q48RZ0	1.000	316	0	0	1	316	1	316	1.936E-245	744
P65431	B5XML3	0.996	316	1	0	1	316	1	316	1.303E-244	741
P65431	Q5XAL3	0.993	316	2	0	1	316	1	316	5.988E-244	740
P65431	Q1J5F8	0.987	316	4	0	1	316	1	316	3.968E-242	734
P65431	C5WIJ4	0.958	316	13	0	1	316	1	316	7.611E-235	714
B8ZL51	B2ISQ2	1.000	316	0	0	1	316	1	316	4.273E-247	748
B8ZL51	B8ZL51	1.000	316	0	0	1	316	1	316	4.273E-247	748
B8ZL51	C1CBB2	0.993	316	2	0	1	316	1	316	1.322E-245	744
B8ZL51	P0CB58	0.993	316	2	0	1	316	1	316	6.077E-245	742
B8ZL51	B5E6Z2	0.990	316	3	0	1	316	1	316	8.898E-245	742
B8ZL51	C1CIJ8	0.990	316	3	0	1	316	1	316	8.898E-245	742
B8ZL51	C1CCA8	0.990	316	3	0	1	316	1	316	8.898E-245	742
B8ZL51	P59658	0.990	316	3	0	1	316	1	316	8.898E-245	742
B8ZL51	Q04MC7	0.990	316	3	0	1	316	1	316	8.898E-245	742
B8ZL51	C1CPL0	0.981	316	6	0	1	316	1	316	1.264E-242	736
B8ZL51	B1I953	0.977	316	7	0	1	316	1	316	8.506E-242	733
C4Z530	C4Z530	1.000	315	0	0	1	315	1	315	1.215E-248	752
