B3PLQ4	B3PLQ4	1.000	211	0	0	1	211	1	211	8.673E-166	507
Q6LUJ9	Q6LUJ9	1.000	209	0	0	1	209	1	209	4.310E-161	493
Q6LUJ9	Q5E7M3	0.913	208	18	0	1	208	1	208	1.108E-146	453
Q6LUJ9	B5FA72	0.908	208	19	0	1	208	1	208	2.335E-145	449
A6WRH7	A3D7L4	1.000	209	0	0	1	209	1	209	2.034E-162	497
A6WRH7	A6WRH7	1.000	209	0	0	1	209	1	209	2.034E-162	497
A6WRH7	A9KZX9	1.000	209	0	0	1	209	1	209	2.034E-162	497
A6WRH7	B8E6M4	1.000	209	0	0	1	209	1	209	2.034E-162	497
A6WRH7	Q0HXS3	0.942	209	12	0	1	209	1	209	3.814E-152	468
A6WRH7	A1RGW7	0.942	209	12	0	1	209	1	209	5.585E-152	468
A6WRH7	A4Y9C8	0.942	209	12	0	1	209	1	209	5.585E-152	468
A6WRH7	Q8EHM3	0.937	209	13	0	1	209	1	209	1.753E-151	466
A6WRH7	B0TQB0	0.918	209	17	0	1	209	1	209	1.162E-149	461
A6WRH7	B8CKG5	0.913	209	18	0	1	209	1	209	5.336E-149	460
A6WRH7	A0KTY8	0.918	209	17	0	1	209	1	209	1.144E-148	459
A6WRH7	Q0HLG9	0.918	209	17	0	1	209	1	209	1.144E-148	459
A6WRH7	A8FYS8	0.904	209	20	0	1	209	1	209	7.690E-148	456
A6WRH7	A8H748	0.904	209	20	0	1	209	1	209	2.412E-147	455
Q6LZL8	Q6LZL8	1.000	258	0	0	1	258	1	258	8.712E-203	617
Q6LZL8	A9A6B9	0.953	258	12	0	1	258	1	258	3.638E-195	596
Q6LZL8	A6VJR0	0.957	258	11	0	1	258	1	258	5.327E-195	596
Q6LZL8	A4FYM2	0.949	258	13	0	1	258	1	258	5.250E-194	593
A4VNP3	A4VNP3	1.000	206	0	0	1	206	1	206	1.931E-158	485
Q0SNJ8	Q0SNJ8	1.000	189	0	0	1	189	1	189	2.699E-145	446
Q0SNJ8	O51293	0.925	189	14	0	1	189	1	189	1.592E-134	416
Q0SNJ8	B7J1P0	0.920	189	15	0	1	189	4	192	4.997E-134	415
B8F4C0	B8F4C0	1.000	208	0	0	1	208	1	208	1.789E-162	497
B8F4C0	A3MZW0	0.932	208	14	0	1	208	1	208	1.523E-150	464
B8F4C0	B0BUF3	0.932	208	14	0	1	208	1	208	1.523E-150	464
B8F4C0	B3H123	0.932	208	14	0	1	208	1	208	1.523E-150	464
B8F4C0	Q7VLF2	0.908	208	19	0	1	208	1	208	1.432E-146	453
B8F4C0	Q4QKJ2	0.907	206	19	0	3	208	4	209	2.028E-144	447
Q1ML15	Q1ML15	1.000	239	0	0	1	239	1	239	1.929E-186	569
Q1ML15	B3PQL4	0.966	239	8	0	1	239	1	239	1.232E-181	555
Q1ML15	B5ZR94	0.958	239	10	0	1	239	1	239	8.179E-180	550
Q1ML15	Q2KC36	0.953	239	11	0	1	239	1	239	5.506E-179	548
Q9VDD9	Q9VDD9	1.000	320	0	0	1	320	1	320	7.409E-254	770
Q9KU87	A5F937	1.000	209	0	0	1	209	1	209	2.009E-161	494
Q9KU87	C3LSP1	1.000	209	0	0	1	209	1	209	2.009E-161	494
Q9KU87	Q9KU87	1.000	209	0	0	1	209	1	209	2.009E-161	494
Q9P6V8	Q9P6V8	1.000	831	0	0	1	831	1	831	0.000E+00	1978
Q2FNX6	Q2FNX6	1.000	207	0	0	1	207	1	207	4.886E-161	493
Q4WVH3	Q4WVH3	1.000	795	0	0	1	795	1	795	0.000E+00	1886
Q28QW4	Q28QW4	1.000	237	0	0	1	237	1	237	4.632E-185	565
B5ZR94	B5ZR94	1.000	239	0	0	1	239	1	239	6.061E-186	567
B5ZR94	Q1ML15	0.958	239	10	0	1	239	1	239	8.179E-180	550
B5ZR94	B3PQL4	0.953	239	11	0	1	239	1	239	5.506E-179	548
B5ZR94	Q2KC36	0.953	239	11	0	1	239	1	239	3.706E-178	546
Q8DBW7	Q7MI01	1.000	209	0	0	1	209	1	209	4.364E-162	496
Q8DBW7	Q8DBW7	1.000	209	0	0	1	209	1	209	4.364E-162	496
Q8DBW7	Q87LZ4	0.913	209	18	0	1	209	1	209	5.419E-150	462
Q8YCD5	A9MBW8	1.000	240	0	0	1	240	1	240	1.575E-190	580
Q8YCD5	A9WYY2	1.000	240	0	0	1	240	1	240	1.575E-190	580
Q8YCD5	B2SAY0	1.000	240	0	0	1	240	1	240	1.575E-190	580
Q8YCD5	C0RLJ5	1.000	240	0	0	1	240	1	240	1.575E-190	580
Q8YCD5	Q2YKU4	1.000	240	0	0	1	240	1	240	1.575E-190	580
Q8YCD5	Q578H4	1.000	240	0	0	1	240	1	240	1.575E-190	580
Q8YCD5	Q8FVY1	1.000	240	0	0	1	240	1	240	1.575E-190	580
Q8YCD5	Q8YCD5	1.000	240	0	0	1	240	1	240	1.575E-190	580
Q8YCD5	A5VUZ8	0.995	240	1	0	1	240	1	240	1.062E-189	578
Q8YCD5	A6X5L4	0.962	240	9	0	1	240	1	240	9.954E-185	564
A0KNF1	A0KNF1	1.000	209	0	0	1	209	1	209	6.392E-162	496
A0KNF1	A4SJQ7	0.937	209	13	0	1	209	1	209	5.667E-153	471
P95454	B7V1G4	1.000	207	0	0	1	207	1	207	4.944E-162	496
P95454	P95454	1.000	207	0	0	1	207	1	207	4.944E-162	496
P95454	Q02FS0	1.000	207	0	0	1	207	1	207	4.944E-162	496
P95454	A6VCK9	0.995	207	1	0	1	207	1	207	2.277E-161	494
P95454	A4XYE8	0.951	206	10	0	1	206	1	206	3.048E-154	474
P95454	C1DFL6	0.932	206	14	0	1	206	1	206	1.323E-149	461
A7NAC9	A7NAC9	1.000	206	0	0	1	206	1	206	4.245E-160	490
A7NAC9	Q0BNB8	1.000	206	0	0	1	206	1	206	4.245E-160	490
A7NAC9	Q2A4Z7	1.000	206	0	0	1	206	1	206	4.245E-160	490
A7NAC9	A4IYP4	0.995	206	1	0	1	206	1	206	1.334E-159	489
A7NAC9	B2SF85	0.995	206	1	0	1	206	1	206	1.334E-159	489
A7NAC9	Q14HT5	0.995	206	1	0	1	206	1	206	1.334E-159	489
A7NAC9	Q5NGD3	0.995	206	1	0	1	206	1	206	1.334E-159	489
A7NAC9	A0Q526	0.990	206	2	0	1	206	1	206	8.998E-159	486
A6VCK9	A6VCK9	1.000	207	0	0	1	207	1	207	7.243E-162	495
A6VCK9	B7V1G4	0.995	207	1	0	1	207	1	207	2.277E-161	494
A6VCK9	P95454	0.995	207	1	0	1	207	1	207	2.277E-161	494
A6VCK9	Q02FS0	0.995	207	1	0	1	207	1	207	2.277E-161	494
A6VCK9	A4XYE8	0.956	206	9	0	1	206	1	206	9.705E-155	475
A6VCK9	C1DFL6	0.936	206	13	0	1	206	1	206	4.216E-150	462
A9A3M9	A9A3M9	1.000	197	0	0	1	197	1	197	8.771E-158	482
Q2A4Z7	A7NAC9	1.000	206	0	0	1	206	1	206	4.245E-160	490
Q2A4Z7	Q0BNB8	1.000	206	0	0	1	206	1	206	4.245E-160	490
Q2A4Z7	Q2A4Z7	1.000	206	0	0	1	206	1	206	4.245E-160	490
Q2A4Z7	A4IYP4	0.995	206	1	0	1	206	1	206	1.334E-159	489
Q2A4Z7	B2SF85	0.995	206	1	0	1	206	1	206	1.334E-159	489
Q2A4Z7	Q14HT5	0.995	206	1	0	1	206	1	206	1.334E-159	489
Q2A4Z7	Q5NGD3	0.995	206	1	0	1	206	1	206	1.334E-159	489
Q2A4Z7	A0Q526	0.990	206	2	0	1	206	1	206	8.998E-159	486
Q47YJ3	Q47YJ3	1.000	209	0	0	1	209	1	209	4.310E-161	493
A1ST38	A1ST38	1.000	217	0	0	1	217	1	217	9.059E-169	516
Q1MRQ0	Q1MRQ0	1.000	200	0	0	1	200	1	200	2.806E-158	484
Q54VA8	Q54VA8	1.000	270	0	0	1	270	1	270	3.318E-216	657
Q1GHF1	Q1GHF1	1.000	238	0	0	1	238	1	238	5.333E-186	567
Q751U1	Q751U1	1.000	830	0	0	1	830	1	830	0.000E+00	1975
Q1QSY2	Q1QSY2	1.000	210	0	0	1	210	1	210	1.559E-161	495
Q0AQH3	Q0AQH3	1.000	279	0	0	1	279	1	279	2.376E-219	667
O27801	O27801	1.000	211	0	0	1	211	1	211	8.570E-165	504
Q2KC36	Q2KC36	1.000	239	0	0	1	239	1	239	1.334E-187	572
Q2KC36	B3PQL4	0.983	239	4	0	1	239	1	239	2.679E-182	557
Q2KC36	Q1ML15	0.953	239	11	0	1	239	1	239	5.506E-179	548
Q2KC36	B5ZR94	0.953	239	11	0	1	239	1	239	3.706E-178	546
B0VEE9	A3M851	1.000	216	0	0	1	216	1	216	2.411E-165	506
B0VEE9	B0VEE9	1.000	216	0	0	1	216	1	216	2.411E-165	506
B0VEE9	B0VSM4	1.000	216	0	0	1	216	1	216	2.411E-165	506
B0VEE9	B2HXD3	1.000	216	0	0	1	216	1	216	2.411E-165	506
B0VEE9	B7GY18	1.000	216	0	0	1	216	1	216	2.411E-165	506
B0VEE9	B7I636	1.000	216	0	0	1	216	1	216	2.411E-165	506
Q9DBE9	Q9DBE9	1.000	838	0	0	1	838	1	838	0.000E+00	1981
C0QX75	C0QX75	1.000	193	0	0	1	193	1	193	4.841E-151	463
B8GG79	B8GG79	1.000	203	0	0	1	203	1	203	1.314E-158	485
Q5FNQ1	Q5FNQ1	1.000	268	0	0	1	268	1	268	1.579E-208	635
A3CVJ3	A3CVJ3	1.000	203	0	0	1	203	1	203	6.050E-158	484
B5ENR5	B5ENR5	1.000	219	0	0	1	219	1	219	3.724E-169	517
B5ENR5	B7J8G6	1.000	219	0	0	1	219	1	219	3.724E-169	517
B2HXD3	A3M851	1.000	216	0	0	1	216	1	216	2.411E-165	506
B2HXD3	B0VEE9	1.000	216	0	0	1	216	1	216	2.411E-165	506
B2HXD3	B0VSM4	1.000	216	0	0	1	216	1	216	2.411E-165	506
B2HXD3	B2HXD3	1.000	216	0	0	1	216	1	216	2.411E-165	506
B2HXD3	B7GY18	1.000	216	0	0	1	216	1	216	2.411E-165	506
B2HXD3	B7I636	1.000	216	0	0	1	216	1	216	2.411E-165	506
Q89N72	Q89N72	1.000	228	0	0	1	228	1	228	1.271E-174	534
Q5LSB0	Q5LSB0	1.000	233	0	0	1	233	1	233	3.863E-181	553
B8GNX9	B8GNX9	1.000	207	0	0	1	207	1	207	3.295E-160	491
O62251	O62251	1.000	214	0	0	1	214	1	214	1.322E-168	515
Q0HXS3	Q0HXS3	1.000	209	0	0	1	209	1	209	4.364E-162	496
Q0HXS3	Q8EHM3	0.995	209	1	0	1	209	1	209	2.009E-161	494
Q0HXS3	A1RGW7	0.990	209	2	0	1	209	1	209	6.313E-161	493
Q0HXS3	A4Y9C8	0.990	209	2	0	1	209	1	209	6.313E-161	493
Q0HXS3	A0KTY8	0.971	209	6	0	1	209	1	209	2.832E-158	485
Q0HXS3	Q0HLG9	0.971	209	6	0	1	209	1	209	2.832E-158	485
Q0HXS3	A3D7L4	0.942	209	12	0	1	209	1	209	3.814E-152	468
Q0HXS3	A6WRH7	0.942	209	12	0	1	209	1	209	3.814E-152	468
Q0HXS3	A9KZX9	0.942	209	12	0	1	209	1	209	3.814E-152	468
Q0HXS3	B8E6M4	0.942	209	12	0	1	209	1	209	3.814E-152	468
Q0HXS3	A8H748	0.928	209	15	0	1	209	1	209	8.177E-152	467
Q0HXS3	B0TQB0	0.933	209	14	0	1	209	1	209	1.197E-151	467
Q0HXS3	B8CKG5	0.928	209	15	0	1	209	1	209	5.502E-151	465
Q0HXS3	A1S454	0.918	209	17	0	1	209	1	209	1.701E-149	461
Q0HXS3	A8FYS8	0.913	209	18	0	1	209	1	209	2.490E-149	460
Q0HXS3	B1KRR8	0.909	209	19	0	1	209	1	209	1.674E-148	458
Q0HXS3	Q12QI9	0.918	209	17	0	1	209	1	209	3.588E-148	457
Q0HXS3	A3QGV3	0.909	209	19	0	1	209	1	209	1.126E-147	456
A1B962	A1B962	1.000	256	0	0	1	256	1	256	2.983E-199	607
Q5X1A0	Q5X1A0	1.000	206	0	0	1	206	1	206	1.931E-158	485
Q5X1A0	Q5ZRT1	1.000	206	0	0	1	206	1	206	1.931E-158	485
Q5X1A0	Q5WT13	0.990	206	2	0	1	206	1	206	1.906E-157	483
Q5X1A0	A5IHX0	0.990	206	2	0	1	206	1	206	4.090E-157	482
Q7VLF2	Q7VLF2	1.000	208	0	0	1	208	1	208	5.622E-162	496
Q7VLF2	A3MZW0	0.956	208	9	0	1	208	1	208	3.556E-156	479
Q7VLF2	B0BUF3	0.956	208	9	0	1	208	1	208	3.556E-156	479
Q7VLF2	B3H123	0.956	208	9	0	1	208	1	208	3.556E-156	479
Q7VLF2	B8F4C0	0.908	208	19	0	1	208	1	208	1.432E-146	453
Q5BH88	Q5BH88	1.000	806	0	0	1	806	1	806	0.000E+00	1921
B7VJI4	B7VJI4	1.000	209	0	0	1	209	1	209	1.405E-163	500
B7VJI4	A7MZH4	0.928	209	15	0	1	209	1	209	1.805E-153	472
B7VJI4	Q87LZ4	0.918	209	17	0	1	209	1	209	2.643E-153	472
Q7VQM8	Q7VQM8	1.000	206	0	0	1	206	1	206	1.383E-162	497
Q73IS9	Q73IS9	1.000	192	0	0	1	192	1	192	1.960E-150	461
Q5PAN0	B9KIP4	1.000	201	0	0	1	201	1	201	1.521E-160	491
Q5PAN0	Q5PAN0	1.000	201	0	0	1	201	1	201	1.521E-160	491
A6VJR0	A6VJR0	1.000	258	0	0	1	258	1	258	1.869E-202	616
A6VJR0	A4FYM2	0.976	258	6	0	1	258	1	258	5.638E-199	607
A6VJR0	A9A6B9	0.968	258	8	0	1	258	1	258	8.029E-197	601
A6VJR0	Q6LZL8	0.957	258	11	0	1	258	1	258	5.327E-195	596
Q8IY81	Q8IY81	1.000	847	0	0	1	847	1	847	0.000E+00	2003
A6U6F0	A6U6F0	1.000	245	0	0	1	245	1	245	4.435E-191	583
A6U6F0	Q92RT9	0.946	245	13	0	1	245	1	245	1.227E-181	556
A6U6F0	C3MGQ4	0.901	243	24	0	1	243	1	243	2.313E-173	533
Q4ZNQ4	Q4ZNQ4	1.000	216	0	0	1	216	1	216	1.689E-167	512
Q4ZNQ4	Q87WP7	0.990	216	2	0	1	216	1	216	5.307E-167	511
Q4ZNQ4	Q48E69	0.995	216	1	0	1	216	1	216	1.139E-166	510
Q4ZNQ4	Q4KIG3	0.912	206	18	0	1	206	1	206	1.865E-148	459
A9KZX9	A3D7L4	1.000	209	0	0	1	209	1	209	2.034E-162	497
A9KZX9	A6WRH7	1.000	209	0	0	1	209	1	209	2.034E-162	497
A9KZX9	A9KZX9	1.000	209	0	0	1	209	1	209	2.034E-162	497
A9KZX9	B8E6M4	1.000	209	0	0	1	209	1	209	2.034E-162	497
A9KZX9	Q0HXS3	0.942	209	12	0	1	209	1	209	3.814E-152	468
A9KZX9	A1RGW7	0.942	209	12	0	1	209	1	209	5.585E-152	468
A9KZX9	A4Y9C8	0.942	209	12	0	1	209	1	209	5.585E-152	468
A9KZX9	Q8EHM3	0.937	209	13	0	1	209	1	209	1.753E-151	466
A9KZX9	B0TQB0	0.918	209	17	0	1	209	1	209	1.162E-149	461
A9KZX9	B8CKG5	0.913	209	18	0	1	209	1	209	5.336E-149	460
A9KZX9	A0KTY8	0.918	209	17	0	1	209	1	209	1.144E-148	459
A9KZX9	Q0HLG9	0.918	209	17	0	1	209	1	209	1.144E-148	459
A9KZX9	A8FYS8	0.904	209	20	0	1	209	1	209	7.690E-148	456
A9KZX9	A8H748	0.904	209	20	0	1	209	1	209	2.412E-147	455
Q5RJT2	Q5RJT2	1.000	829	0	0	1	829	1	829	0.000E+00	1958
Q2IPT3	Q2IPT3	1.000	267	0	0	1	267	1	267	1.296E-203	621
A5UKI5	A5UKI5	1.000	210	0	0	1	210	1	210	2.397E-165	505
Q65TZ0	Q65TZ0	1.000	208	0	0	1	208	1	208	1.789E-162	497
Q65TZ0	A6VPC2	0.922	207	16	0	1	207	1	207	6.893E-149	459
Q65TZ0	Q9CNJ3	0.932	206	14	0	3	208	4	209	2.163E-148	458
Q65TZ0	A3MZW0	0.903	208	20	0	1	208	1	208	4.636E-148	457
Q65TZ0	B0BUF3	0.903	208	20	0	1	208	1	208	4.636E-148	457
Q65TZ0	B3H123	0.903	208	20	0	1	208	1	208	4.636E-148	457
Q65TZ0	P45162	0.912	206	18	0	3	208	4	209	6.574E-146	451
Q65TZ0	Q4QKJ2	0.907	206	19	0	3	208	4	209	2.062E-145	449
Q2NHD6	Q2NHD6	1.000	206	0	0	1	206	1	206	1.978E-160	491
Q9HIH4	Q9HIH4	1.000	205	0	0	1	205	1	205	8.107E-161	492
Q138J5	Q138J5	1.000	235	0	0	1	235	1	235	4.921E-180	550
B2SAY0	A9MBW8	1.000	240	0	0	1	240	1	240	1.575E-190	580
B2SAY0	A9WYY2	1.000	240	0	0	1	240	1	240	1.575E-190	580
B2SAY0	B2SAY0	1.000	240	0	0	1	240	1	240	1.575E-190	580
B2SAY0	C0RLJ5	1.000	240	0	0	1	240	1	240	1.575E-190	580
B2SAY0	Q2YKU4	1.000	240	0	0	1	240	1	240	1.575E-190	580
B2SAY0	Q578H4	1.000	240	0	0	1	240	1	240	1.575E-190	580
B2SAY0	Q8FVY1	1.000	240	0	0	1	240	1	240	1.575E-190	580
B2SAY0	Q8YCD5	1.000	240	0	0	1	240	1	240	1.575E-190	580
B2SAY0	A5VUZ8	0.995	240	1	0	1	240	1	240	1.062E-189	578
B2SAY0	A6X5L4	0.962	240	9	0	1	240	1	240	9.954E-185	564
Q2GB53	Q2GB53	1.000	222	0	0	1	222	1	222	3.927E-173	529
A4FYM2	A4FYM2	1.000	258	0	0	1	258	1	258	4.061E-203	618
A4FYM2	A6VJR0	0.976	258	6	0	1	258	1	258	5.638E-199	607
A4FYM2	A9A6B9	0.972	258	7	0	1	258	1	258	2.557E-197	602
A4FYM2	Q6LZL8	0.949	258	13	0	1	258	1	258	5.250E-194	593
Q086I0	Q086I0	1.000	209	0	0	1	209	1	209	1.405E-163	500
Q086I0	Q12QI9	0.904	209	20	0	1	209	1	209	2.490E-149	460
Q086I0	A1S454	0.904	209	20	0	1	209	1	209	3.588E-148	457
Q086I0	A0KTY8	0.904	209	20	0	1	209	1	209	1.648E-147	455
Q086I0	Q0HLG9	0.904	209	20	0	1	209	1	209	1.648E-147	455
B1KRR8	B1KRR8	1.000	209	0	0	1	209	1	209	4.470E-164	502
B1KRR8	A8FYS8	0.995	209	1	0	1	209	1	209	9.478E-163	498
B1KRR8	B8CKG5	0.980	209	4	0	1	209	1	209	1.372E-161	495
B1KRR8	B0TQB0	0.976	209	5	0	1	209	1	209	1.354E-160	492
B1KRR8	A8H748	0.961	209	8	0	1	209	1	209	2.832E-158	485
B1KRR8	A3QGV3	0.937	209	13	0	1	209	1	209	2.681E-154	474
B1KRR8	A0KTY8	0.904	209	20	0	1	209	1	209	7.812E-149	459
B1KRR8	Q0HLG9	0.904	209	20	0	1	209	1	209	7.812E-149	459
B1KRR8	Q0HXS3	0.909	209	19	0	1	209	1	209	1.674E-148	458
B1KRR8	Q12QI9	0.904	209	20	0	1	209	1	209	3.588E-148	457
B1KRR8	Q8EHM3	0.904	209	20	0	1	209	1	209	7.690E-148	456
B1KRR8	A1RGW7	0.904	209	20	0	1	209	1	209	7.690E-148	456
B1KRR8	A4Y9C8	0.904	209	20	0	1	209	1	209	7.690E-148	456
B8CKG5	B8CKG5	1.000	209	0	0	1	209	1	209	4.470E-164	502
B8CKG5	B0TQB0	0.995	209	1	0	1	209	1	209	4.417E-163	499
B8CKG5	B1KRR8	0.980	209	4	0	1	209	1	209	1.372E-161	495
B8CKG5	A8H748	0.980	209	4	0	1	209	1	209	9.247E-161	492
B8CKG5	A8FYS8	0.976	209	5	0	1	209	1	209	2.906E-160	491
B8CKG5	A3QGV3	0.942	209	12	0	1	209	1	209	8.539E-155	476
B8CKG5	A0KTY8	0.923	209	16	0	1	209	1	209	2.567E-151	466
B8CKG5	Q0HLG9	0.923	209	16	0	1	209	1	209	2.567E-151	466
B8CKG5	Q0HXS3	0.928	209	15	0	1	209	1	209	5.502E-151	465
B8CKG5	Q8EHM3	0.923	209	16	0	1	209	1	209	2.528E-150	463
B8CKG5	A1RGW7	0.918	209	17	0	1	209	1	209	7.934E-150	462
B8CKG5	A4Y9C8	0.918	209	17	0	1	209	1	209	7.934E-150	462
B8CKG5	A3D7L4	0.913	209	18	0	1	209	1	209	5.336E-149	460
B8CKG5	A6WRH7	0.913	209	18	0	1	209	1	209	5.336E-149	460
B8CKG5	A9KZX9	0.913	209	18	0	1	209	1	209	5.336E-149	460
B8CKG5	B8E6M4	0.913	209	18	0	1	209	1	209	5.336E-149	460
B8CKG5	Q12QI9	0.904	209	20	0	1	209	1	209	7.690E-148	456
Q0C187	Q0C187	1.000	234	0	0	1	234	1	234	2.099E-183	560
Q6AJ42	Q6AJ42	1.000	201	0	0	1	201	1	201	1.504E-159	488
C1DFL6	C1DFL6	1.000	207	0	0	1	207	1	207	1.554E-161	494
C1DFL6	A4XYE8	0.941	206	12	0	1	206	1	206	6.264E-151	465
C1DFL6	A6VCK9	0.936	206	13	0	1	206	1	206	4.216E-150	462
C1DFL6	B7V1G4	0.932	206	14	0	1	206	1	206	1.323E-149	461
C1DFL6	P95454	0.932	206	14	0	1	206	1	206	1.323E-149	461
C1DFL6	Q02FS0	0.932	206	14	0	1	206	1	206	1.323E-149	461
P25582	P25582	1.000	841	0	0	1	841	1	841	0.000E+00	2006
B5RRD2	B5RLD9	1.000	193	0	0	1	193	1	193	1.015E-148	456
B5RRD2	B5RRD2	1.000	193	0	0	1	193	1	193	1.015E-148	456
A3MZW0	A3MZW0	1.000	208	0	0	1	208	1	208	2.620E-162	497
A3MZW0	B0BUF3	1.000	208	0	0	1	208	1	208	2.620E-162	497
A3MZW0	B3H123	1.000	208	0	0	1	208	1	208	2.620E-162	497
A3MZW0	Q7VLF2	0.956	208	9	0	1	208	1	208	3.556E-156	479
A3MZW0	B8F4C0	0.932	208	14	0	1	208	1	208	1.523E-150	464
A3MZW0	Q65TZ0	0.903	208	20	0	1	208	1	208	4.636E-148	457
Q6FX63	Q6FX63	1.000	837	0	0	1	837	1	837	0.000E+00	1998
Q31HG6	Q31HG6	1.000	206	0	0	1	206	1	206	9.547E-164	500
Q54NX0	Q54NX0	1.000	833	0	0	1	833	1	833	0.000E+00	2006
B3QFD2	B3QFD2	1.000	237	0	0	1	237	1	237	6.346E-180	550
B3QFD2	Q6N7Q9	0.995	237	1	0	1	237	1	237	2.918E-179	548
Q5GS59	Q5GS59	1.000	216	0	0	1	216	1	216	2.504E-168	515
Q0W1F9	Q0W1F9	1.000	256	0	0	1	256	1	256	6.485E-200	609
B6JHM9	B6JHM9	1.000	225	0	0	1	225	1	225	1.811E-172	528
Q6CV12	Q6CV12	1.000	833	0	0	1	833	1	833	0.000E+00	1977
Q3SQN7	Q3SQN7	1.000	230	0	0	1	230	1	230	7.955E-178	543
Q59KF3	Q59KF3	1.000	845	0	0	1	845	1	845	0.000E+00	2023
O42832	O42832	1.000	802	0	0	1	802	1	802	0.000E+00	1911
B9KIP4	B9KIP4	1.000	201	0	0	1	201	1	201	1.521E-160	491
B9KIP4	Q5PAN0	1.000	201	0	0	1	201	1	201	1.521E-160	491
A5EXB6	A5EXB6	1.000	210	0	0	1	210	1	210	1.078E-162	498
A4IYP4	A4IYP4	1.000	206	0	0	1	206	1	206	4.245E-160	490
A4IYP4	B2SF85	1.000	206	0	0	1	206	1	206	4.245E-160	490
A4IYP4	Q14HT5	1.000	206	0	0	1	206	1	206	4.245E-160	490
A4IYP4	Q5NGD3	1.000	206	0	0	1	206	1	206	4.245E-160	490
A4IYP4	A7NAC9	0.995	206	1	0	1	206	1	206	1.334E-159	489
A4IYP4	Q0BNB8	0.995	206	1	0	1	206	1	206	1.334E-159	489
A4IYP4	Q2A4Z7	0.995	206	1	0	1	206	1	206	1.334E-159	489
A4IYP4	A0Q526	0.995	206	1	0	1	206	1	206	2.863E-159	488
Q5WT13	Q5WT13	1.000	206	0	0	1	206	1	206	1.931E-158	485
Q5WT13	Q5X1A0	0.990	206	2	0	1	206	1	206	1.906E-157	483
Q5WT13	Q5ZRT1	0.990	206	2	0	1	206	1	206	1.906E-157	483
Q5WT13	A5IHX0	0.990	206	2	0	1	206	1	206	4.090E-157	482
Q2SMM1	Q2SMM1	1.000	206	0	0	1	206	1	206	2.863E-159	488
A9IMA1	A9IMA1	1.000	242	0	0	1	242	1	242	1.425E-192	586
Q1QKB6	Q1QKB6	1.000	228	0	0	1	228	1	228	5.925E-175	535
Q4KIG3	Q4KIG3	1.000	209	0	0	1	209	1	209	4.364E-162	496
Q4KIG3	Q4ZNQ4	0.912	206	18	0	1	206	1	206	7.812E-149	459
Q4KIG3	Q87WP7	0.907	206	19	0	1	206	1	206	2.451E-148	458
Q4KIG3	Q48E69	0.907	206	19	0	1	206	1	206	5.253E-148	457
A0Q526	A0Q526	1.000	206	0	0	1	206	1	206	4.245E-160	490
A0Q526	A4IYP4	0.995	206	1	0	1	206	1	206	2.863E-159	488
A0Q526	B2SF85	0.995	206	1	0	1	206	1	206	2.863E-159	488
A0Q526	Q14HT5	0.995	206	1	0	1	206	1	206	2.863E-159	488
A0Q526	Q5NGD3	0.995	206	1	0	1	206	1	206	2.863E-159	488
A0Q526	A7NAC9	0.990	206	2	0	1	206	1	206	8.998E-159	486
A0Q526	Q0BNB8	0.990	206	2	0	1	206	1	206	8.998E-159	486
A0Q526	Q2A4Z7	0.990	206	2	0	1	206	1	206	8.998E-159	486
P0CS79	P0CS78	1.000	908	0	0	1	908	1	908	0.000E+00	2165
P0CS79	P0CS79	1.000	908	0	0	1	908	1	908	0.000E+00	2165
B7I636	A3M851	1.000	216	0	0	1	216	1	216	2.411E-165	506
B7I636	B0VEE9	1.000	216	0	0	1	216	1	216	2.411E-165	506
B7I636	B0VSM4	1.000	216	0	0	1	216	1	216	2.411E-165	506
B7I636	B2HXD3	1.000	216	0	0	1	216	1	216	2.411E-165	506
B7I636	B7GY18	1.000	216	0	0	1	216	1	216	2.411E-165	506
B7I636	B7I636	1.000	216	0	0	1	216	1	216	2.411E-165	506
A1URN3	A1URN3	1.000	239	0	0	1	239	1	239	6.374E-190	578
Q5QXK8	Q5QXK8	1.000	208	0	0	1	208	1	208	2.589E-161	494
A1VC40	A1VC40	1.000	204	0	0	1	204	1	204	1.512E-159	488
A1VC40	Q729T9	1.000	204	0	0	1	204	1	204	1.512E-159	488
B8E6M4	A3D7L4	1.000	209	0	0	1	209	1	209	2.034E-162	497
B8E6M4	A6WRH7	1.000	209	0	0	1	209	1	209	2.034E-162	497
B8E6M4	A9KZX9	1.000	209	0	0	1	209	1	209	2.034E-162	497
B8E6M4	B8E6M4	1.000	209	0	0	1	209	1	209	2.034E-162	497
B8E6M4	Q0HXS3	0.942	209	12	0	1	209	1	209	3.814E-152	468
B8E6M4	A1RGW7	0.942	209	12	0	1	209	1	209	5.585E-152	468
B8E6M4	A4Y9C8	0.942	209	12	0	1	209	1	209	5.585E-152	468
B8E6M4	Q8EHM3	0.937	209	13	0	1	209	1	209	1.753E-151	466
B8E6M4	B0TQB0	0.918	209	17	0	1	209	1	209	1.162E-149	461
B8E6M4	B8CKG5	0.913	209	18	0	1	209	1	209	5.336E-149	460
B8E6M4	A0KTY8	0.918	209	17	0	1	209	1	209	1.144E-148	459
B8E6M4	Q0HLG9	0.918	209	17	0	1	209	1	209	1.144E-148	459
B8E6M4	A8FYS8	0.904	209	20	0	1	209	1	209	7.690E-148	456
B8E6M4	A8H748	0.904	209	20	0	1	209	1	209	2.412E-147	455
P38238	P38238	1.000	310	0	0	1	310	1	310	1.297E-248	753
Q2RXU5	Q2RXU5	1.000	263	0	0	1	263	1	263	1.764E-207	631
A6UUK5	A6UUK5	1.000	269	0	0	1	269	1	269	1.893E-212	646
B0KHY6	B0KHY6	1.000	208	0	0	1	208	1	208	3.792E-161	493
B0KHY6	A5W995	1.000	207	0	0	1	207	1	207	1.746E-160	491
B0KHY6	Q88DV0	1.000	207	0	0	1	207	1	207	1.746E-160	491
B0KHY6	Q1IF51	0.966	208	7	0	1	208	1	208	2.428E-156	480
B0KHY6	B1J262	0.956	208	9	0	1	208	1	208	5.137E-155	476
O28228	O28228	1.000	191	0	0	1	191	1	191	5.419E-150	460
Q8PUP4	Q8PUP4	1.000	268	0	0	1	268	1	268	2.281E-207	632
Q8PUP4	Q8TR92	0.934	260	17	0	1	260	1	260	8.027E-190	583
Q2GKK2	Q2GKK2	1.000	247	0	0	1	247	1	247	8.723E-194	591
C3MGQ4	C3MGQ4	1.000	245	0	0	1	245	1	245	4.435E-191	583
C3MGQ4	Q92RT9	0.918	245	20	0	1	245	1	245	3.677E-178	547
C3MGQ4	A6U6F0	0.901	243	24	0	1	243	1	243	2.313E-173	533
B0BUF3	A3MZW0	1.000	208	0	0	1	208	1	208	2.620E-162	497
B0BUF3	B0BUF3	1.000	208	0	0	1	208	1	208	2.620E-162	497
B0BUF3	B3H123	1.000	208	0	0	1	208	1	208	2.620E-162	497
B0BUF3	Q7VLF2	0.956	208	9	0	1	208	1	208	3.556E-156	479
B0BUF3	B8F4C0	0.932	208	14	0	1	208	1	208	1.523E-150	464
B0BUF3	Q65TZ0	0.903	208	20	0	1	208	1	208	4.636E-148	457
B2SF85	A4IYP4	1.000	206	0	0	1	206	1	206	4.245E-160	490
B2SF85	B2SF85	1.000	206	0	0	1	206	1	206	4.245E-160	490
B2SF85	Q14HT5	1.000	206	0	0	1	206	1	206	4.245E-160	490
B2SF85	Q5NGD3	1.000	206	0	0	1	206	1	206	4.245E-160	490
B2SF85	A7NAC9	0.995	206	1	0	1	206	1	206	1.334E-159	489
B2SF85	Q0BNB8	0.995	206	1	0	1	206	1	206	1.334E-159	489
B2SF85	Q2A4Z7	0.995	206	1	0	1	206	1	206	1.334E-159	489
B2SF85	A0Q526	0.995	206	1	0	1	206	1	206	2.863E-159	488
B7GY18	A3M851	1.000	216	0	0	1	216	1	216	2.411E-165	506
B7GY18	B0VEE9	1.000	216	0	0	1	216	1	216	2.411E-165	506
B7GY18	B0VSM4	1.000	216	0	0	1	216	1	216	2.411E-165	506
B7GY18	B2HXD3	1.000	216	0	0	1	216	1	216	2.411E-165	506
B7GY18	B7GY18	1.000	216	0	0	1	216	1	216	2.411E-165	506
B7GY18	B7I636	1.000	216	0	0	1	216	1	216	2.411E-165	506
A5IHX0	A5IHX0	1.000	206	0	0	1	206	1	206	4.142E-158	485
A5IHX0	Q5X1A0	0.990	206	2	0	1	206	1	206	4.090E-157	482
A5IHX0	Q5ZRT1	0.990	206	2	0	1	206	1	206	4.090E-157	482
A5IHX0	Q5WT13	0.990	206	2	0	1	206	1	206	4.090E-157	482
Q9UET6	Q9UET6	1.000	329	0	0	1	329	1	329	9.010E-268	810
Q0HLG9	A0KTY8	1.000	209	0	0	1	209	1	209	2.034E-162	497
Q0HLG9	Q0HLG9	1.000	209	0	0	1	209	1	209	2.034E-162	497
Q0HLG9	Q8EHM3	0.971	209	6	0	1	209	1	209	2.832E-158	485
Q0HLG9	Q0HXS3	0.971	209	6	0	1	209	1	209	2.832E-158	485
Q0HLG9	A1RGW7	0.966	209	7	0	1	209	1	209	8.896E-158	484
Q0HLG9	A4Y9C8	0.966	209	7	0	1	209	1	209	8.896E-158	484
Q0HLG9	A8H748	0.933	209	14	0	1	209	1	209	1.779E-152	469
Q0HLG9	B0TQB0	0.928	209	15	0	1	209	1	209	5.585E-152	468
Q0HLG9	A1S454	0.923	209	16	0	1	209	1	209	2.567E-151	466
Q0HLG9	B8CKG5	0.923	209	16	0	1	209	1	209	2.567E-151	466
Q0HLG9	A8FYS8	0.909	209	19	0	1	209	1	209	1.162E-149	461
Q0HLG9	B1KRR8	0.904	209	20	0	1	209	1	209	7.812E-149	459
Q0HLG9	A3D7L4	0.918	209	17	0	1	209	1	209	1.144E-148	459
Q0HLG9	A6WRH7	0.918	209	17	0	1	209	1	209	1.144E-148	459
Q0HLG9	A9KZX9	0.918	209	17	0	1	209	1	209	1.144E-148	459
Q0HLG9	B8E6M4	0.918	209	17	0	1	209	1	209	1.144E-148	459
Q0HLG9	A3QGV3	0.909	209	19	0	1	209	1	209	3.588E-148	457
Q0HLG9	Q12QI9	0.909	209	19	0	1	209	1	209	5.253E-148	457
Q0HLG9	Q086I0	0.904	209	20	0	1	209	1	209	1.648E-147	455
Q52C47	Q52C47	1.000	865	0	0	1	865	1	865	0.000E+00	2043
Q22031	Q22031	1.000	337	0	0	1	337	1	337	1.667E-265	805
A9A6B9	A9A6B9	1.000	258	0	0	1	258	1	258	4.009E-202	615
A9A6B9	A4FYM2	0.972	258	7	0	1	258	1	258	2.557E-197	602
A9A6B9	A6VJR0	0.968	258	8	0	1	258	1	258	8.029E-197	601
A9A6B9	Q6LZL8	0.953	258	12	0	1	258	1	258	3.638E-195	596
Q466Q1	Q466Q1	1.000	263	0	0	1	263	1	263	3.635E-204	622
Q164M8	Q164M8	1.000	240	0	0	1	240	1	240	1.009E-185	567
Q661V2	Q661V2	1.000	192	0	0	1	192	1	192	4.111E-148	454
Q661V2	B7J1P0	0.927	192	14	0	1	192	1	192	2.354E-135	419
Q661V2	O51293	0.925	189	14	0	4	192	1	189	4.888E-133	412
A1TXM4	A1TXM4	1.000	207	0	0	1	207	1	207	4.767E-159	487
A7IDJ5	A7IDJ5	1.000	254	0	0	1	254	1	254	1.021E-195	597
B9J9U0	B9J9U0	1.000	239	0	0	1	239	1	239	1.954E-187	572
O36015	O36015	1.000	285	0	0	1	285	1	285	8.232E-226	686
Q8EHM3	Q8EHM3	1.000	209	0	0	1	209	1	209	4.364E-162	496
Q8EHM3	A1RGW7	0.995	209	1	0	1	209	1	209	1.372E-161	495
Q8EHM3	A4Y9C8	0.995	209	1	0	1	209	1	209	1.372E-161	495
Q8EHM3	Q0HXS3	0.995	209	1	0	1	209	1	209	2.009E-161	494
Q8EHM3	A0KTY8	0.971	209	6	0	1	209	1	209	2.832E-158	485
Q8EHM3	Q0HLG9	0.971	209	6	0	1	209	1	209	2.832E-158	485
Q8EHM3	A3D7L4	0.937	209	13	0	1	209	1	209	1.753E-151	466
Q8EHM3	A6WRH7	0.937	209	13	0	1	209	1	209	1.753E-151	466
Q8EHM3	A9KZX9	0.937	209	13	0	1	209	1	209	1.753E-151	466
Q8EHM3	B8E6M4	0.937	209	13	0	1	209	1	209	1.753E-151	466
Q8EHM3	A8H748	0.923	209	16	0	1	209	1	209	3.758E-151	466
Q8EHM3	B0TQB0	0.928	209	15	0	1	209	1	209	5.502E-151	465
Q8EHM3	B8CKG5	0.923	209	16	0	1	209	1	209	2.528E-150	463
Q8EHM3	A1S454	0.923	209	16	0	1	209	1	209	3.702E-150	463
Q8EHM3	A8FYS8	0.909	209	19	0	1	209	1	209	1.144E-148	459
Q8EHM3	B1KRR8	0.904	209	20	0	1	209	1	209	7.690E-148	456
Q8EHM3	Q12QI9	0.913	209	18	0	1	209	1	209	1.648E-147	455
Q8EHM3	A3QGV3	0.904	209	20	0	1	209	1	209	5.169E-147	454
Q5E7M3	Q5E7M3	1.000	209	0	0	1	209	1	209	4.364E-162	496
Q5E7M3	B5FA72	0.995	209	1	0	1	209	1	209	9.247E-161	492
Q5E7M3	B6END5	0.947	209	11	0	1	209	1	209	2.643E-153	472
Q5E7M3	Q6LUJ9	0.913	208	18	0	1	208	1	208	1.108E-146	453
A5VUZ8	A5VUZ8	1.000	240	0	0	1	240	1	240	1.075E-190	581
A5VUZ8	A9MBW8	0.995	240	1	0	1	240	1	240	1.062E-189	578
A5VUZ8	A9WYY2	0.995	240	1	0	1	240	1	240	1.062E-189	578
A5VUZ8	B2SAY0	0.995	240	1	0	1	240	1	240	1.062E-189	578
A5VUZ8	C0RLJ5	0.995	240	1	0	1	240	1	240	1.062E-189	578
A5VUZ8	Q2YKU4	0.995	240	1	0	1	240	1	240	1.062E-189	578
A5VUZ8	Q578H4	0.995	240	1	0	1	240	1	240	1.062E-189	578
A5VUZ8	Q8FVY1	0.995	240	1	0	1	240	1	240	1.062E-189	578
A5VUZ8	Q8YCD5	0.995	240	1	0	1	240	1	240	1.062E-189	578
A5VUZ8	A6X5L4	0.958	240	10	0	1	240	1	240	6.705E-184	562
A9MBW8	A9MBW8	1.000	240	0	0	1	240	1	240	1.575E-190	580
A9MBW8	A9WYY2	1.000	240	0	0	1	240	1	240	1.575E-190	580
A9MBW8	B2SAY0	1.000	240	0	0	1	240	1	240	1.575E-190	580
A9MBW8	C0RLJ5	1.000	240	0	0	1	240	1	240	1.575E-190	580
A9MBW8	Q2YKU4	1.000	240	0	0	1	240	1	240	1.575E-190	580
A9MBW8	Q578H4	1.000	240	0	0	1	240	1	240	1.575E-190	580
A9MBW8	Q8FVY1	1.000	240	0	0	1	240	1	240	1.575E-190	580
A9MBW8	Q8YCD5	1.000	240	0	0	1	240	1	240	1.575E-190	580
A9MBW8	A5VUZ8	0.995	240	1	0	1	240	1	240	1.062E-189	578
A9MBW8	A6X5L4	0.962	240	9	0	1	240	1	240	9.954E-185	564
Q9VDT6	Q9VDT6	1.000	250	0	0	1	250	1	250	1.366E-198	604
A4Y9C8	A1RGW7	1.000	209	0	0	1	209	1	209	4.364E-162	496
A4Y9C8	A4Y9C8	1.000	209	0	0	1	209	1	209	4.364E-162	496
A4Y9C8	Q8EHM3	0.995	209	1	0	1	209	1	209	1.372E-161	495
A4Y9C8	Q0HXS3	0.990	209	2	0	1	209	1	209	6.313E-161	493
A4Y9C8	A0KTY8	0.966	209	7	0	1	209	1	209	8.896E-158	484
A4Y9C8	Q0HLG9	0.966	209	7	0	1	209	1	209	8.896E-158	484
A4Y9C8	A3D7L4	0.942	209	12	0	1	209	1	209	5.585E-152	468
A4Y9C8	A6WRH7	0.942	209	12	0	1	209	1	209	5.585E-152	468
A4Y9C8	A9KZX9	0.942	209	12	0	1	209	1	209	5.585E-152	468
A4Y9C8	B8E6M4	0.942	209	12	0	1	209	1	209	5.585E-152	468
A4Y9C8	A1S454	0.928	209	15	0	1	209	1	209	1.179E-150	464
A4Y9C8	A8H748	0.918	209	17	0	1	209	1	209	1.179E-150	464
A4Y9C8	B0TQB0	0.923	209	16	0	1	209	1	209	1.727E-150	464
A4Y9C8	B8CKG5	0.918	209	17	0	1	209	1	209	7.934E-150	462
A4Y9C8	A8FYS8	0.909	209	19	0	1	209	1	209	1.144E-148	459
A4Y9C8	B1KRR8	0.904	209	20	0	1	209	1	209	7.690E-148	456
A4Y9C8	Q12QI9	0.913	209	18	0	1	209	1	209	1.648E-147	455
A4Y9C8	A3QGV3	0.904	209	20	0	1	209	1	209	5.169E-147	454
Q92RT9	Q92RT9	1.000	245	0	0	1	245	1	245	1.412E-191	584
Q92RT9	A6U6F0	0.946	245	13	0	1	245	1	245	1.227E-181	556
Q92RT9	C3MGQ4	0.918	245	20	0	1	245	1	245	3.677E-178	547
Q9VEP1	Q9VEP1	1.000	302	0	0	1	302	1	302	4.020E-238	723
Q9CNJ3	Q9CNJ3	1.000	209	0	0	1	209	1	209	4.364E-162	496
Q9CNJ3	P45162	0.942	209	12	0	1	209	1	209	1.779E-152	469
Q9CNJ3	Q4QKJ2	0.937	209	13	0	1	209	1	209	5.585E-152	468
Q9CNJ3	A6VPC2	0.936	205	13	0	4	208	3	207	2.451E-148	458
Q9CNJ3	Q65TZ0	0.932	206	14	0	4	209	3	208	2.451E-148	458
A6X5L4	A6X5L4	1.000	240	0	0	1	240	1	240	1.575E-190	580
A6X5L4	A9MBW8	0.962	240	9	0	1	240	1	240	9.954E-185	564
A6X5L4	A9WYY2	0.962	240	9	0	1	240	1	240	9.954E-185	564
A6X5L4	B2SAY0	0.962	240	9	0	1	240	1	240	9.954E-185	564
A6X5L4	C0RLJ5	0.962	240	9	0	1	240	1	240	9.954E-185	564
A6X5L4	Q2YKU4	0.962	240	9	0	1	240	1	240	9.954E-185	564
A6X5L4	Q578H4	0.962	240	9	0	1	240	1	240	9.954E-185	564
A6X5L4	Q8FVY1	0.962	240	9	0	1	240	1	240	9.954E-185	564
A6X5L4	Q8YCD5	0.962	240	9	0	1	240	1	240	9.954E-185	564
A6X5L4	A5VUZ8	0.958	240	10	0	1	240	1	240	6.705E-184	562
A7MZH4	A7MZH4	1.000	209	0	0	1	209	1	209	2.034E-162	497
A7MZH4	Q87LZ4	0.952	209	10	0	1	209	1	209	1.882E-156	480
A7MZH4	B7VJI4	0.928	209	15	0	1	209	1	209	1.805E-153	472
O51293	O51293	1.000	189	0	0	1	189	1	189	2.699E-145	446
O51293	B7J1P0	0.994	189	1	0	1	189	4	192	8.485E-145	445
O51293	Q0SNJ8	0.925	189	14	0	1	189	1	189	1.592E-134	416
O51293	Q661V2	0.925	189	14	0	1	189	4	192	3.362E-133	412
A4SJQ7	A4SJQ7	1.000	209	0	0	1	209	1	209	9.363E-162	495
A4SJQ7	A0KNF1	0.937	209	13	0	1	209	1	209	5.667E-153	471
Q88DV0	A5W995	1.000	207	0	0	1	207	1	207	1.536E-160	491
Q88DV0	Q88DV0	1.000	207	0	0	1	207	1	207	1.536E-160	491
Q88DV0	B0KHY6	1.000	207	0	0	1	207	1	207	1.536E-160	491
Q88DV0	Q1IF51	0.966	207	7	0	1	207	1	207	9.836E-156	478
Q88DV0	B1J262	0.956	207	9	0	1	207	1	207	2.081E-154	474
Q21H48	Q21H48	1.000	206	0	0	1	206	1	206	1.318E-158	486
Q15VJ6	Q15VJ6	1.000	209	0	0	1	209	1	209	1.405E-163	500
Q3IE64	Q3IE64	1.000	209	0	0	1	209	1	209	1.372E-161	495
Q8TR92	Q8TR92	1.000	272	0	0	1	272	1	272	4.012E-211	643
Q8TR92	Q8PUP4	0.934	260	17	0	1	260	1	260	1.316E-189	583
Q2IV68	Q2IV68	1.000	236	0	0	1	236	1	236	5.742E-182	556
A4YSS3	A4YSS3	1.000	231	0	0	1	231	1	231	9.158E-179	546
A4YSS3	A5EHP2	0.961	231	9	0	1	231	1	231	3.991E-174	533
A1S454	A1S454	1.000	209	0	0	1	209	1	209	1.388E-162	498
A1S454	A0KTY8	0.923	209	16	0	1	209	1	209	2.567E-151	466
A1S454	Q0HLG9	0.923	209	16	0	1	209	1	209	2.567E-151	466
A1S454	A1RGW7	0.928	209	15	0	1	209	1	209	1.179E-150	464
A1S454	A4Y9C8	0.928	209	15	0	1	209	1	209	1.179E-150	464
A1S454	Q8EHM3	0.923	209	16	0	1	209	1	209	3.702E-150	463
A1S454	Q0HXS3	0.918	209	17	0	1	209	1	209	1.701E-149	461
A1S454	Q086I0	0.904	209	20	0	1	209	1	209	3.588E-148	457
Q983F8	Q983F8	1.000	265	0	0	1	265	1	265	1.638E-211	643
Q0A769	Q0A769	1.000	209	0	0	1	209	1	209	4.470E-164	502
Q7MI01	Q7MI01	1.000	209	0	0	1	209	1	209	4.364E-162	496
Q7MI01	Q8DBW7	1.000	209	0	0	1	209	1	209	4.364E-162	496
Q7MI01	Q87LZ4	0.913	209	18	0	1	209	1	209	5.419E-150	462
A3QGV3	A3QGV3	1.000	209	0	0	1	209	1	209	6.471E-163	498
A3QGV3	A8H748	0.961	209	8	0	1	209	1	209	5.993E-157	482
A3QGV3	B0TQB0	0.947	209	11	0	1	209	1	209	1.857E-155	478
A3QGV3	B8CKG5	0.942	209	12	0	1	209	1	209	8.539E-155	476
A3QGV3	B1KRR8	0.937	209	13	0	1	209	1	209	2.681E-154	474
A3QGV3	A8FYS8	0.933	209	14	0	1	209	1	209	5.667E-153	471
A3QGV3	A0KTY8	0.909	209	19	0	1	209	1	209	3.588E-148	457
A3QGV3	Q0HLG9	0.909	209	19	0	1	209	1	209	3.588E-148	457
A3QGV3	Q0HXS3	0.909	209	19	0	1	209	1	209	1.126E-147	456
A3QGV3	Q8EHM3	0.904	209	20	0	1	209	1	209	5.169E-147	454
A3QGV3	A1RGW7	0.904	209	20	0	1	209	1	209	5.169E-147	454
A3QGV3	A4Y9C8	0.904	209	20	0	1	209	1	209	5.169E-147	454
Q5ZKM1	Q5ZKM1	1.000	832	0	0	1	832	1	832	0.000E+00	1961
B3PQL4	B3PQL4	1.000	239	0	0	1	239	1	239	8.993E-187	570
B3PQL4	Q2KC36	0.983	239	4	0	1	239	1	239	2.679E-182	557
B3PQL4	Q1ML15	0.966	239	8	0	1	239	1	239	1.232E-181	555
B3PQL4	B5ZR94	0.953	239	11	0	1	239	1	239	5.506E-179	548
A0LC14	A0LC14	1.000	214	0	0	1	214	1	214	1.891E-166	509
A5EHP2	A5EHP2	1.000	231	0	0	1	231	1	231	6.253E-179	547
A5EHP2	A4YSS3	0.961	231	9	0	1	231	1	231	3.991E-174	533
A2SSW7	A2SSW7	1.000	203	0	0	1	203	1	203	4.130E-158	484
Q87LZ4	Q87LZ4	1.000	209	0	0	1	209	1	209	2.059E-163	500
Q87LZ4	A7MZH4	0.952	209	10	0	1	209	1	209	1.882E-156	480
Q87LZ4	B7VJI4	0.918	209	17	0	1	209	1	209	2.643E-153	472
Q87LZ4	Q7MI01	0.913	209	18	0	1	209	1	209	5.419E-150	462
Q87LZ4	Q8DBW7	0.913	209	18	0	1	209	1	209	5.419E-150	462
A1RGW7	A1RGW7	1.000	209	0	0	1	209	1	209	4.364E-162	496
A1RGW7	A4Y9C8	1.000	209	0	0	1	209	1	209	4.364E-162	496
A1RGW7	Q8EHM3	0.995	209	1	0	1	209	1	209	1.372E-161	495
A1RGW7	Q0HXS3	0.990	209	2	0	1	209	1	209	6.313E-161	493
A1RGW7	A0KTY8	0.966	209	7	0	1	209	1	209	8.896E-158	484
A1RGW7	Q0HLG9	0.966	209	7	0	1	209	1	209	8.896E-158	484
A1RGW7	A3D7L4	0.942	209	12	0	1	209	1	209	5.585E-152	468
A1RGW7	A6WRH7	0.942	209	12	0	1	209	1	209	5.585E-152	468
A1RGW7	A9KZX9	0.942	209	12	0	1	209	1	209	5.585E-152	468
A1RGW7	B8E6M4	0.942	209	12	0	1	209	1	209	5.585E-152	468
A1RGW7	A1S454	0.928	209	15	0	1	209	1	209	1.179E-150	464
A1RGW7	A8H748	0.918	209	17	0	1	209	1	209	1.179E-150	464
A1RGW7	B0TQB0	0.923	209	16	0	1	209	1	209	1.727E-150	464
A1RGW7	B8CKG5	0.918	209	17	0	1	209	1	209	7.934E-150	462
A1RGW7	A8FYS8	0.909	209	19	0	1	209	1	209	1.144E-148	459
A1RGW7	B1KRR8	0.904	209	20	0	1	209	1	209	7.690E-148	456
A1RGW7	Q12QI9	0.913	209	18	0	1	209	1	209	1.648E-147	455
A1RGW7	A3QGV3	0.904	209	20	0	1	209	1	209	5.169E-147	454
B0TZQ8	B0TZQ8	1.000	206	0	0	1	206	1	206	1.351E-160	491
Q6BNQ8	Q6BNQ8	1.000	831	0	0	1	831	1	831	0.000E+00	1984
A6VPC2	A6VPC2	1.000	208	0	0	1	208	1	208	1.206E-161	495
A6VPC2	Q65TZ0	0.922	207	16	0	1	207	1	207	6.893E-149	459
A6VPC2	Q9CNJ3	0.936	205	13	0	3	207	4	208	2.163E-148	458
A6VPC2	Q4QKJ2	0.917	205	17	0	3	207	4	208	3.068E-146	452
A6VPC2	P45162	0.912	205	18	0	3	207	4	208	6.467E-145	448
A6VPC2	Q0I2R1	0.906	204	19	0	3	206	4	207	9.466E-145	448
A3PJK8	A3PJK8	1.000	244	0	0	1	244	1	244	2.630E-190	580
A3PJK8	Q3J2Q5	0.995	244	1	0	1	244	1	244	8.263E-190	579
Q6G0S9	Q6G0S9	1.000	241	0	0	1	241	1	241	5.697E-191	582
Q6G0S9	Q6G4Z3	0.917	241	20	0	1	241	1	241	4.409E-173	532
Q58771	Q58771	1.000	245	0	0	1	245	1	245	2.094E-192	586
A3D7L4	A3D7L4	1.000	209	0	0	1	209	1	209	2.034E-162	497
A3D7L4	A6WRH7	1.000	209	0	0	1	209	1	209	2.034E-162	497
A3D7L4	A9KZX9	1.000	209	0	0	1	209	1	209	2.034E-162	497
A3D7L4	B8E6M4	1.000	209	0	0	1	209	1	209	2.034E-162	497
A3D7L4	Q0HXS3	0.942	209	12	0	1	209	1	209	3.814E-152	468
A3D7L4	A1RGW7	0.942	209	12	0	1	209	1	209	5.585E-152	468
A3D7L4	A4Y9C8	0.942	209	12	0	1	209	1	209	5.585E-152	468
A3D7L4	Q8EHM3	0.937	209	13	0	1	209	1	209	1.753E-151	466
A3D7L4	B0TQB0	0.918	209	17	0	1	209	1	209	1.162E-149	461
A3D7L4	B8CKG5	0.913	209	18	0	1	209	1	209	5.336E-149	460
A3D7L4	A0KTY8	0.918	209	17	0	1	209	1	209	1.144E-148	459
A3D7L4	Q0HLG9	0.918	209	17	0	1	209	1	209	1.144E-148	459
A3D7L4	A8FYS8	0.904	209	20	0	1	209	1	209	7.690E-148	456
A3D7L4	A8H748	0.904	209	20	0	1	209	1	209	2.412E-147	455
Q212R3	Q212R3	1.000	238	0	0	1	238	1	238	3.454E-182	557
B0T8J6	B0T8J6	1.000	226	0	0	1	226	1	226	7.064E-179	546
C0RLJ5	A9MBW8	1.000	240	0	0	1	240	1	240	1.575E-190	580
C0RLJ5	A9WYY2	1.000	240	0	0	1	240	1	240	1.575E-190	580
C0RLJ5	B2SAY0	1.000	240	0	0	1	240	1	240	1.575E-190	580
C0RLJ5	C0RLJ5	1.000	240	0	0	1	240	1	240	1.575E-190	580
C0RLJ5	Q2YKU4	1.000	240	0	0	1	240	1	240	1.575E-190	580
C0RLJ5	Q578H4	1.000	240	0	0	1	240	1	240	1.575E-190	580
C0RLJ5	Q8FVY1	1.000	240	0	0	1	240	1	240	1.575E-190	580
C0RLJ5	Q8YCD5	1.000	240	0	0	1	240	1	240	1.575E-190	580
C0RLJ5	A5VUZ8	0.995	240	1	0	1	240	1	240	1.062E-189	578
C0RLJ5	A6X5L4	0.962	240	9	0	1	240	1	240	9.954E-185	564
Q3J2Q5	Q3J2Q5	1.000	244	0	0	1	244	1	244	2.630E-190	580
Q3J2Q5	A3PJK8	0.995	244	1	0	1	244	1	244	8.263E-190	579
Q0BNB8	A7NAC9	1.000	206	0	0	1	206	1	206	4.245E-160	490
Q0BNB8	Q0BNB8	1.000	206	0	0	1	206	1	206	4.245E-160	490
Q0BNB8	Q2A4Z7	1.000	206	0	0	1	206	1	206	4.245E-160	490
Q0BNB8	A4IYP4	0.995	206	1	0	1	206	1	206	1.334E-159	489
Q0BNB8	B2SF85	0.995	206	1	0	1	206	1	206	1.334E-159	489
Q0BNB8	Q14HT5	0.995	206	1	0	1	206	1	206	1.334E-159	489
Q0BNB8	Q5NGD3	0.995	206	1	0	1	206	1	206	1.334E-159	489
Q0BNB8	A0Q526	0.990	206	2	0	1	206	1	206	8.998E-159	486
P45162	P45162	1.000	209	0	0	1	209	1	209	4.364E-162	496
P45162	Q4QKJ2	0.985	209	3	0	1	209	1	209	4.202E-159	488
P45162	Q9CNJ3	0.942	209	12	0	1	209	1	209	1.779E-152	469
P45162	Q65TZ0	0.912	206	18	0	4	209	3	208	7.444E-146	451
P45162	A6VPC2	0.912	205	18	0	4	208	3	207	7.321E-145	448
Q48E69	Q48E69	1.000	216	0	0	1	216	1	216	1.153E-167	513
Q48E69	Q4ZNQ4	0.995	216	1	0	1	216	1	216	1.139E-166	510
Q48E69	Q87WP7	0.986	216	3	0	1	216	1	216	3.577E-166	509
Q48E69	Q4KIG3	0.907	206	19	0	1	206	1	206	1.252E-147	457
Q4P6G5	Q4P6G5	1.000	921	0	0	1	921	1	921	0.000E+00	2201
Q97C13	Q97C13	1.000	197	0	0	1	197	1	197	8.290E-153	468
A8FYS8	A8FYS8	1.000	209	0	0	1	209	1	209	1.405E-163	500
A8FYS8	B1KRR8	0.995	209	1	0	1	209	1	209	9.478E-163	498
A8FYS8	B8CKG5	0.976	209	5	0	1	209	1	209	2.906E-160	491
A8FYS8	B0TQB0	0.971	209	6	0	1	209	1	209	2.869E-159	488
A8FYS8	A8H748	0.956	209	9	0	1	209	1	209	5.993E-157	482
A8FYS8	A3QGV3	0.933	209	14	0	1	209	1	209	5.667E-153	471
A8FYS8	A0KTY8	0.909	209	19	0	1	209	1	209	1.162E-149	461
A8FYS8	Q0HLG9	0.909	209	19	0	1	209	1	209	1.162E-149	461
A8FYS8	Q0HXS3	0.913	209	18	0	1	209	1	209	2.490E-149	460
A8FYS8	Q12QI9	0.909	209	19	0	1	209	1	209	5.336E-149	460
A8FYS8	Q8EHM3	0.909	209	19	0	1	209	1	209	1.144E-148	459
A8FYS8	A1RGW7	0.909	209	19	0	1	209	1	209	1.144E-148	459
A8FYS8	A4Y9C8	0.909	209	19	0	1	209	1	209	1.144E-148	459
A8FYS8	A3D7L4	0.904	209	20	0	1	209	1	209	7.690E-148	456
A8FYS8	A6WRH7	0.904	209	20	0	1	209	1	209	7.690E-148	456
A8FYS8	A9KZX9	0.904	209	20	0	1	209	1	209	7.690E-148	456
A8FYS8	B8E6M4	0.904	209	20	0	1	209	1	209	7.690E-148	456
Q578H4	A9MBW8	1.000	240	0	0	1	240	1	240	1.575E-190	580
Q578H4	A9WYY2	1.000	240	0	0	1	240	1	240	1.575E-190	580
Q578H4	B2SAY0	1.000	240	0	0	1	240	1	240	1.575E-190	580
Q578H4	C0RLJ5	1.000	240	0	0	1	240	1	240	1.575E-190	580
Q578H4	Q2YKU4	1.000	240	0	0	1	240	1	240	1.575E-190	580
Q578H4	Q578H4	1.000	240	0	0	1	240	1	240	1.575E-190	580
Q578H4	Q8FVY1	1.000	240	0	0	1	240	1	240	1.575E-190	580
Q578H4	Q8YCD5	1.000	240	0	0	1	240	1	240	1.575E-190	580
Q578H4	A5VUZ8	0.995	240	1	0	1	240	1	240	1.062E-189	578
Q578H4	A6X5L4	0.962	240	9	0	1	240	1	240	9.954E-185	564
A5F937	A5F937	1.000	209	0	0	1	209	1	209	2.009E-161	494
A5F937	C3LSP1	1.000	209	0	0	1	209	1	209	2.009E-161	494
A5F937	Q9KU87	1.000	209	0	0	1	209	1	209	2.009E-161	494
Q73L97	Q73L97	1.000	199	0	0	1	199	1	199	2.466E-158	484
Q8UHR0	Q8UHR0	1.000	246	0	0	1	246	1	246	2.350E-191	584
B1J262	B1J262	1.000	208	0	0	1	208	1	208	5.622E-162	496
B1J262	Q1IF51	0.985	208	3	0	1	208	1	208	2.525E-159	488
B1J262	B0KHY6	0.956	208	9	0	1	208	1	208	5.137E-155	476
B1J262	A5W995	0.956	207	9	0	1	207	1	207	2.363E-154	474
B1J262	Q88DV0	0.956	207	9	0	1	207	1	207	2.363E-154	474
C6C068	C6C068	1.000	199	0	0	1	199	1	199	1.646E-156	479
Q5NGD3	A4IYP4	1.000	206	0	0	1	206	1	206	4.245E-160	490
Q5NGD3	B2SF85	1.000	206	0	0	1	206	1	206	4.245E-160	490
Q5NGD3	Q14HT5	1.000	206	0	0	1	206	1	206	4.245E-160	490
Q5NGD3	Q5NGD3	1.000	206	0	0	1	206	1	206	4.245E-160	490
Q5NGD3	A7NAC9	0.995	206	1	0	1	206	1	206	1.334E-159	489
Q5NGD3	Q0BNB8	0.995	206	1	0	1	206	1	206	1.334E-159	489
Q5NGD3	Q2A4Z7	0.995	206	1	0	1	206	1	206	1.334E-159	489
Q5NGD3	A0Q526	0.995	206	1	0	1	206	1	206	2.863E-159	488
Q2YKU4	A9MBW8	1.000	240	0	0	1	240	1	240	1.575E-190	580
Q2YKU4	A9WYY2	1.000	240	0	0	1	240	1	240	1.575E-190	580
Q2YKU4	B2SAY0	1.000	240	0	0	1	240	1	240	1.575E-190	580
Q2YKU4	C0RLJ5	1.000	240	0	0	1	240	1	240	1.575E-190	580
Q2YKU4	Q2YKU4	1.000	240	0	0	1	240	1	240	1.575E-190	580
Q2YKU4	Q578H4	1.000	240	0	0	1	240	1	240	1.575E-190	580
Q2YKU4	Q8FVY1	1.000	240	0	0	1	240	1	240	1.575E-190	580
Q2YKU4	Q8YCD5	1.000	240	0	0	1	240	1	240	1.575E-190	580
Q2YKU4	A5VUZ8	0.995	240	1	0	1	240	1	240	1.062E-189	578
Q2YKU4	A6X5L4	0.962	240	9	0	1	240	1	240	9.954E-185	564
P0CS78	P0CS78	1.000	908	0	0	1	908	1	908	0.000E+00	2165
P0CS78	P0CS79	1.000	908	0	0	1	908	1	908	0.000E+00	2165
Q6C9Q1	Q6C9Q1	1.000	850	0	0	1	850	1	850	0.000E+00	2030
A0KTY8	A0KTY8	1.000	209	0	0	1	209	1	209	2.034E-162	497
A0KTY8	Q0HLG9	1.000	209	0	0	1	209	1	209	2.034E-162	497
A0KTY8	Q8EHM3	0.971	209	6	0	1	209	1	209	2.832E-158	485
A0KTY8	Q0HXS3	0.971	209	6	0	1	209	1	209	2.832E-158	485
A0KTY8	A1RGW7	0.966	209	7	0	1	209	1	209	8.896E-158	484
A0KTY8	A4Y9C8	0.966	209	7	0	1	209	1	209	8.896E-158	484
A0KTY8	A8H748	0.933	209	14	0	1	209	1	209	1.779E-152	469
A0KTY8	B0TQB0	0.928	209	15	0	1	209	1	209	5.585E-152	468
A0KTY8	A1S454	0.923	209	16	0	1	209	1	209	2.567E-151	466
A0KTY8	B8CKG5	0.923	209	16	0	1	209	1	209	2.567E-151	466
A0KTY8	A8FYS8	0.909	209	19	0	1	209	1	209	1.162E-149	461
A0KTY8	B1KRR8	0.904	209	20	0	1	209	1	209	7.812E-149	459
A0KTY8	A3D7L4	0.918	209	17	0	1	209	1	209	1.144E-148	459
A0KTY8	A6WRH7	0.918	209	17	0	1	209	1	209	1.144E-148	459
A0KTY8	A9KZX9	0.918	209	17	0	1	209	1	209	1.144E-148	459
A0KTY8	B8E6M4	0.918	209	17	0	1	209	1	209	1.144E-148	459
A0KTY8	A3QGV3	0.909	209	19	0	1	209	1	209	3.588E-148	457
A0KTY8	Q12QI9	0.909	209	19	0	1	209	1	209	5.253E-148	457
A0KTY8	Q086I0	0.904	209	20	0	1	209	1	209	1.648E-147	455
Q3IT24	Q3IT24	1.000	252	0	0	1	252	1	252	7.913E-196	597
A8II77	A8II77	1.000	240	0	0	1	240	1	240	3.084E-183	560
Q607B2	Q607B2	1.000	210	0	0	1	210	1	210	7.357E-163	498
A4XYE8	A4XYE8	1.000	207	0	0	1	207	1	207	1.554E-161	494
A4XYE8	A6VCK9	0.956	206	9	0	1	206	1	206	9.705E-155	475
A4XYE8	B7V1G4	0.951	206	10	0	1	206	1	206	3.048E-154	474
A4XYE8	P95454	0.951	206	10	0	1	206	1	206	3.048E-154	474
A4XYE8	Q02FS0	0.951	206	10	0	1	206	1	206	3.048E-154	474
A4XYE8	C1DFL6	0.941	206	12	0	1	206	1	206	6.264E-151	465
Q6N7Q9	Q6N7Q9	1.000	237	0	0	1	237	1	237	4.334E-180	551
Q6N7Q9	B3QFD2	0.995	237	1	0	1	237	1	237	2.918E-179	548
Q02FS0	B7V1G4	1.000	207	0	0	1	207	1	207	4.944E-162	496
Q02FS0	P95454	1.000	207	0	0	1	207	1	207	4.944E-162	496
Q02FS0	Q02FS0	1.000	207	0	0	1	207	1	207	4.944E-162	496
Q02FS0	A6VCK9	0.995	207	1	0	1	207	1	207	2.277E-161	494
Q02FS0	A4XYE8	0.951	206	10	0	1	206	1	206	3.048E-154	474
Q02FS0	C1DFL6	0.932	206	14	0	1	206	1	206	1.323E-149	461
C3LSP1	A5F937	1.000	209	0	0	1	209	1	209	2.009E-161	494
C3LSP1	C3LSP1	1.000	209	0	0	1	209	1	209	2.009E-161	494
C3LSP1	Q9KU87	1.000	209	0	0	1	209	1	209	2.009E-161	494
Q1IF51	Q1IF51	1.000	208	0	0	1	208	1	208	1.767E-161	494
Q1IF51	B1J262	0.985	208	3	0	1	208	1	208	2.525E-159	488
Q1IF51	B0KHY6	0.966	208	7	0	1	208	1	208	2.428E-156	480
Q1IF51	A5W995	0.966	207	7	0	1	207	1	207	1.117E-155	478
Q1IF51	Q88DV0	0.966	207	7	0	1	207	1	207	1.117E-155	478
A7HSA5	A7HSA5	1.000	254	0	0	1	254	1	254	7.353E-200	609
B0TQB0	B0TQB0	1.000	209	0	0	1	209	1	209	9.593E-164	501
B0TQB0	B8CKG5	0.995	209	1	0	1	209	1	209	4.417E-163	499
B0TQB0	A8H748	0.985	209	3	0	1	209	1	209	2.009E-161	494
B0TQB0	B1KRR8	0.976	209	5	0	1	209	1	209	1.354E-160	492
B0TQB0	A8FYS8	0.971	209	6	0	1	209	1	209	2.869E-159	488
B0TQB0	A3QGV3	0.947	209	11	0	1	209	1	209	1.857E-155	478
B0TQB0	A0KTY8	0.928	209	15	0	1	209	1	209	5.585E-152	468
B0TQB0	Q0HLG9	0.928	209	15	0	1	209	1	209	5.585E-152	468
B0TQB0	Q0HXS3	0.933	209	14	0	1	209	1	209	1.197E-151	467
B0TQB0	Q8EHM3	0.928	209	15	0	1	209	1	209	5.502E-151	465
B0TQB0	A1RGW7	0.923	209	16	0	1	209	1	209	1.727E-150	464
B0TQB0	A4Y9C8	0.923	209	16	0	1	209	1	209	1.727E-150	464
B0TQB0	A3D7L4	0.918	209	17	0	1	209	1	209	1.162E-149	461
B0TQB0	A6WRH7	0.918	209	17	0	1	209	1	209	1.162E-149	461
B0TQB0	A9KZX9	0.918	209	17	0	1	209	1	209	1.162E-149	461
B0TQB0	B8E6M4	0.918	209	17	0	1	209	1	209	1.162E-149	461
B0TQB0	Q12QI9	0.909	209	19	0	1	209	1	209	1.674E-148	458
A5VFI9	A5VFI9	1.000	229	0	0	1	229	1	229	4.840E-179	547
Q0BT08	Q0BT08	1.000	230	0	0	1	230	1	230	1.180E-178	546
Q6G4Z3	Q6G4Z3	1.000	247	0	0	1	247	1	247	1.327E-196	598
Q6G4Z3	Q6G0S9	0.917	241	20	0	1	241	1	241	9.293E-173	532
Q8D2X0	Q8D2X0	1.000	203	0	0	1	203	1	203	9.281E-162	494
Q8FVY1	A9MBW8	1.000	240	0	0	1	240	1	240	1.575E-190	580
Q8FVY1	A9WYY2	1.000	240	0	0	1	240	1	240	1.575E-190	580
Q8FVY1	B2SAY0	1.000	240	0	0	1	240	1	240	1.575E-190	580
Q8FVY1	C0RLJ5	1.000	240	0	0	1	240	1	240	1.575E-190	580
Q8FVY1	Q2YKU4	1.000	240	0	0	1	240	1	240	1.575E-190	580
Q8FVY1	Q578H4	1.000	240	0	0	1	240	1	240	1.575E-190	580
Q8FVY1	Q8FVY1	1.000	240	0	0	1	240	1	240	1.575E-190	580
Q8FVY1	Q8YCD5	1.000	240	0	0	1	240	1	240	1.575E-190	580
Q8FVY1	A5VUZ8	0.995	240	1	0	1	240	1	240	1.062E-189	578
Q8FVY1	A6X5L4	0.962	240	9	0	1	240	1	240	9.954E-185	564
Q07LH9	Q07LH9	1.000	235	0	0	1	235	1	235	3.450E-182	556
B7V1G4	B7V1G4	1.000	207	0	0	1	207	1	207	4.944E-162	496
B7V1G4	P95454	1.000	207	0	0	1	207	1	207	4.944E-162	496
B7V1G4	Q02FS0	1.000	207	0	0	1	207	1	207	4.944E-162	496
B7V1G4	A6VCK9	0.995	207	1	0	1	207	1	207	2.277E-161	494
B7V1G4	A4XYE8	0.951	206	10	0	1	206	1	206	3.048E-154	474
B7V1G4	C1DFL6	0.932	206	14	0	1	206	1	206	1.323E-149	461
Q729T9	A1VC40	1.000	204	0	0	1	204	1	204	1.512E-159	488
Q729T9	Q729T9	1.000	204	0	0	1	204	1	204	1.512E-159	488
C3K267	C3K267	1.000	216	0	0	1	216	1	216	3.714E-169	517
B0VSM4	A3M851	1.000	216	0	0	1	216	1	216	2.411E-165	506
B0VSM4	B0VEE9	1.000	216	0	0	1	216	1	216	2.411E-165	506
B0VSM4	B0VSM4	1.000	216	0	0	1	216	1	216	2.411E-165	506
B0VSM4	B2HXD3	1.000	216	0	0	1	216	1	216	2.411E-165	506
B0VSM4	B7GY18	1.000	216	0	0	1	216	1	216	2.411E-165	506
B0VSM4	B7I636	1.000	216	0	0	1	216	1	216	2.411E-165	506
Q38AH0	Q38AH0	1.000	370	0	0	1	370	1	370	1.291E-300	908
B3H123	A3MZW0	1.000	208	0	0	1	208	1	208	2.620E-162	497
B3H123	B0BUF3	1.000	208	0	0	1	208	1	208	2.620E-162	497
B3H123	B3H123	1.000	208	0	0	1	208	1	208	2.620E-162	497
B3H123	Q7VLF2	0.956	208	9	0	1	208	1	208	3.556E-156	479
B3H123	B8F4C0	0.932	208	14	0	1	208	1	208	1.523E-150	464
B3H123	Q65TZ0	0.903	208	20	0	1	208	1	208	4.636E-148	457
Q30YX3	Q30YX3	1.000	207	0	0	1	207	1	207	3.335E-161	493
Q2W0P2	Q2W0P2	1.000	244	0	0	1	244	1	244	1.819E-191	584
Q9A7V4	Q9A7V4	1.000	226	0	0	1	226	1	226	3.253E-178	544
Q5ZRT1	Q5X1A0	1.000	206	0	0	1	206	1	206	1.931E-158	485
Q5ZRT1	Q5ZRT1	1.000	206	0	0	1	206	1	206	1.931E-158	485
Q5ZRT1	Q5WT13	0.990	206	2	0	1	206	1	206	1.906E-157	483
Q5ZRT1	A5IHX0	0.990	206	2	0	1	206	1	206	4.090E-157	482
A5W995	A5W995	1.000	207	0	0	1	207	1	207	1.536E-160	491
A5W995	Q88DV0	1.000	207	0	0	1	207	1	207	1.536E-160	491
A5W995	B0KHY6	1.000	207	0	0	1	207	1	207	1.536E-160	491
A5W995	Q1IF51	0.966	207	7	0	1	207	1	207	9.836E-156	478
A5W995	B1J262	0.956	207	9	0	1	207	1	207	2.081E-154	474
A3M851	A3M851	1.000	216	0	0	1	216	1	216	2.411E-165	506
A3M851	B0VEE9	1.000	216	0	0	1	216	1	216	2.411E-165	506
A3M851	B0VSM4	1.000	216	0	0	1	216	1	216	2.411E-165	506
A3M851	B2HXD3	1.000	216	0	0	1	216	1	216	2.411E-165	506
A3M851	B7GY18	1.000	216	0	0	1	216	1	216	2.411E-165	506
A3M851	B7I636	1.000	216	0	0	1	216	1	216	2.411E-165	506
B7J8G6	B5ENR5	1.000	219	0	0	1	219	1	219	3.724E-169	517
B7J8G6	B7J8G6	1.000	219	0	0	1	219	1	219	3.724E-169	517
Q54WR1	Q54WR1	1.000	757	0	0	1	757	1	757	0.000E+00	1899
Q2GGT6	Q2GGT6	1.000	212	0	0	1	212	1	212	1.010E-167	512
A0RV28	A0RV28	1.000	196	0	0	1	196	1	196	1.583E-153	470
Q1GPG3	Q1GPG3	1.000	230	0	0	1	230	1	230	1.180E-178	546
Q4QKJ2	Q4QKJ2	1.000	209	0	0	1	209	1	209	6.392E-162	496
Q4QKJ2	P45162	0.985	209	3	0	1	209	1	209	4.202E-159	488
Q4QKJ2	Q9CNJ3	0.937	209	13	0	1	209	1	209	5.585E-152	468
Q4QKJ2	A6VPC2	0.917	205	17	0	4	208	3	207	3.474E-146	452
Q4QKJ2	Q65TZ0	0.907	206	19	0	4	209	3	208	2.335E-145	449
Q4QKJ2	B8F4C0	0.907	206	19	0	4	209	3	208	2.296E-144	447
B9JSD2	B9JSD2	1.000	261	0	0	1	261	1	261	9.082E-206	626
Q5NQH8	Q5NQH8	1.000	221	0	0	1	221	1	221	4.808E-169	517
Q87WP7	Q87WP7	1.000	216	0	0	1	216	1	216	1.689E-167	512
Q87WP7	Q4ZNQ4	0.990	216	2	0	1	216	1	216	5.307E-167	511
Q87WP7	Q48E69	0.986	216	3	0	1	216	1	216	3.577E-166	509
Q87WP7	Q4KIG3	0.907	206	19	0	1	206	1	206	5.846E-148	458
Q14HT5	A4IYP4	1.000	206	0	0	1	206	1	206	4.245E-160	490
Q14HT5	B2SF85	1.000	206	0	0	1	206	1	206	4.245E-160	490
Q14HT5	Q14HT5	1.000	206	0	0	1	206	1	206	4.245E-160	490
Q14HT5	Q5NGD3	1.000	206	0	0	1	206	1	206	4.245E-160	490
Q14HT5	A7NAC9	0.995	206	1	0	1	206	1	206	1.334E-159	489
Q14HT5	Q0BNB8	0.995	206	1	0	1	206	1	206	1.334E-159	489
Q14HT5	Q2A4Z7	0.995	206	1	0	1	206	1	206	1.334E-159	489
Q14HT5	A0Q526	0.995	206	1	0	1	206	1	206	2.863E-159	488
C4L8Y1	C4L8Y1	1.000	209	0	0	1	209	1	209	9.247E-161	492
Q2N843	Q2N843	1.000	220	0	0	1	220	1	220	1.381E-171	524
A7I848	A7I848	1.000	193	0	0	1	193	1	193	1.505E-149	459
A9WYY2	A9MBW8	1.000	240	0	0	1	240	1	240	1.575E-190	580
A9WYY2	A9WYY2	1.000	240	0	0	1	240	1	240	1.575E-190	580
A9WYY2	B2SAY0	1.000	240	0	0	1	240	1	240	1.575E-190	580
A9WYY2	C0RLJ5	1.000	240	0	0	1	240	1	240	1.575E-190	580
A9WYY2	Q2YKU4	1.000	240	0	0	1	240	1	240	1.575E-190	580
A9WYY2	Q578H4	1.000	240	0	0	1	240	1	240	1.575E-190	580
A9WYY2	Q8FVY1	1.000	240	0	0	1	240	1	240	1.575E-190	580
A9WYY2	Q8YCD5	1.000	240	0	0	1	240	1	240	1.575E-190	580
A9WYY2	A5VUZ8	0.995	240	1	0	1	240	1	240	1.062E-189	578
A9WYY2	A6X5L4	0.962	240	9	0	1	240	1	240	9.954E-185	564
B7J1P0	B7J1P0	1.000	192	0	0	1	192	1	192	8.822E-148	454
B7J1P0	O51293	0.994	189	1	0	4	192	1	189	1.245E-144	445
B7J1P0	Q661V2	0.927	192	14	0	1	192	1	192	2.354E-135	419
B7J1P0	Q0SNJ8	0.920	189	15	0	4	192	1	189	7.270E-134	415
Q5RAS1	Q5RAS1	1.000	841	0	0	1	841	1	841	0.000E+00	1985
B5RLD9	B5RLD9	1.000	193	0	0	1	193	1	193	1.015E-148	456
B5RLD9	B5RRD2	1.000	193	0	0	1	193	1	193	1.015E-148	456
B5FA72	B5FA72	1.000	209	0	0	1	209	1	209	1.372E-161	495
B5FA72	Q5E7M3	0.995	209	1	0	1	209	1	209	9.247E-161	492
B5FA72	B6END5	0.942	209	12	0	1	209	1	209	5.585E-152	468
B5FA72	Q6LUJ9	0.908	208	19	0	1	208	1	208	2.335E-145	449
B8DNJ4	B8DNJ4	1.000	201	0	0	1	201	1	201	2.204E-159	487
A5G029	A5G029	1.000	225	0	0	1	225	1	225	5.764E-173	529
A8H748	A8H748	1.000	209	0	0	1	209	1	209	6.471E-163	498
A8H748	B0TQB0	0.985	209	3	0	1	209	1	209	2.009E-161	494
A8H748	B8CKG5	0.980	209	4	0	1	209	1	209	9.247E-161	492
A8H748	B1KRR8	0.961	209	8	0	1	209	1	209	2.832E-158	485
A8H748	A8FYS8	0.956	209	9	0	1	209	1	209	5.993E-157	482
A8H748	A3QGV3	0.961	209	8	0	1	209	1	209	5.993E-157	482
A8H748	A0KTY8	0.933	209	14	0	1	209	1	209	1.779E-152	469
A8H748	Q0HLG9	0.933	209	14	0	1	209	1	209	1.779E-152	469
A8H748	Q0HXS3	0.928	209	15	0	1	209	1	209	8.177E-152	467
A8H748	Q8EHM3	0.923	209	16	0	1	209	1	209	3.758E-151	466
A8H748	A1RGW7	0.918	209	17	0	1	209	1	209	1.179E-150	464
A8H748	A4Y9C8	0.918	209	17	0	1	209	1	209	1.179E-150	464
A8H748	A3D7L4	0.904	209	20	0	1	209	1	209	2.412E-147	455
A8H748	A6WRH7	0.904	209	20	0	1	209	1	209	2.412E-147	455
A8H748	A9KZX9	0.904	209	20	0	1	209	1	209	2.412E-147	455
A8H748	B8E6M4	0.904	209	20	0	1	209	1	209	2.412E-147	455
Q12QI9	Q12QI9	1.000	209	0	0	1	209	1	209	3.015E-163	499
Q12QI9	Q086I0	0.904	209	20	0	1	209	1	209	2.490E-149	460
Q12QI9	A8FYS8	0.909	209	19	0	1	209	1	209	5.336E-149	460
Q12QI9	B0TQB0	0.909	209	19	0	1	209	1	209	1.674E-148	458
Q12QI9	B1KRR8	0.904	209	20	0	1	209	1	209	3.588E-148	457
Q12QI9	Q0HXS3	0.918	209	17	0	1	209	1	209	3.588E-148	457
Q12QI9	A0KTY8	0.909	209	19	0	1	209	1	209	5.253E-148	457
Q12QI9	Q0HLG9	0.909	209	19	0	1	209	1	209	5.253E-148	457
Q12QI9	B8CKG5	0.904	209	20	0	1	209	1	209	7.690E-148	456
Q12QI9	Q8EHM3	0.913	209	18	0	1	209	1	209	1.648E-147	455
Q12QI9	A1RGW7	0.913	209	18	0	1	209	1	209	1.648E-147	455
Q12QI9	A4Y9C8	0.913	209	18	0	1	209	1	209	1.648E-147	455
B6END5	B6END5	1.000	209	0	0	1	209	1	209	4.310E-161	493
B6END5	Q5E7M3	0.947	209	11	0	1	209	1	209	2.643E-153	472
B6END5	B5FA72	0.942	209	12	0	1	209	1	209	5.585E-152	468
Q0I2R1	Q0I2R1	1.000	209	0	0	1	209	1	209	3.052E-164	502
Q0I2R1	A6VPC2	0.906	204	19	0	4	207	3	206	1.072E-144	448
