Q8CY56	Q8CY56	1.000	271	0	0	1	271	1	271	2.803E-219	663
Q8CY56	B7GMW8	0.981	271	5	0	1	271	1	271	5.715E-215	651
Q313J9	Q313J9	1.000	425	0	0	1	425	1	425	0.000E+00	1030
Q5B8X0	Q5B8X0	1.000	415	0	0	1	415	1	415	0.000E+00	995
A6QGE0	A6QGE0	1.000	245	0	0	1	245	1	245	7.623E-200	605
A6QGE0	Q2FHJ8	1.000	245	0	0	1	245	1	245	7.623E-200	605
A6QGE0	Q2FZ43	1.000	245	0	0	1	245	1	245	7.623E-200	605
A6QGE0	Q2YXM5	1.000	245	0	0	1	245	1	245	7.623E-200	605
A6QGE0	Q5HGJ2	1.000	245	0	0	1	245	1	245	7.623E-200	605
A6QGE0	Q6G9X3	1.000	245	0	0	1	245	1	245	7.623E-200	605
A6QGE0	Q8NX06	1.000	245	0	0	1	245	1	245	7.623E-200	605
A6QGE0	A5ISC5	0.995	245	1	0	1	245	1	245	5.143E-199	603
A6QGE0	A6U159	0.995	245	1	0	1	245	1	245	5.143E-199	603
A6QGE0	A7X1L0	0.995	245	1	0	1	245	1	245	5.143E-199	603
A6QGE0	P66970	0.995	245	1	0	1	245	1	245	5.143E-199	603
A6QGE0	P66971	0.995	245	1	0	1	245	1	245	5.143E-199	603
A6QGE0	Q6GHJ5	0.995	245	1	0	1	245	1	245	5.143E-199	603
Q2FZ43	A6QGE0	1.000	245	0	0	1	245	1	245	7.623E-200	605
Q2FZ43	Q2FHJ8	1.000	245	0	0	1	245	1	245	7.623E-200	605
Q2FZ43	Q2FZ43	1.000	245	0	0	1	245	1	245	7.623E-200	605
Q2FZ43	Q2YXM5	1.000	245	0	0	1	245	1	245	7.623E-200	605
Q2FZ43	Q5HGJ2	1.000	245	0	0	1	245	1	245	7.623E-200	605
Q2FZ43	Q6G9X3	1.000	245	0	0	1	245	1	245	7.623E-200	605
Q2FZ43	Q8NX06	1.000	245	0	0	1	245	1	245	7.623E-200	605
Q2FZ43	A5ISC5	0.995	245	1	0	1	245	1	245	5.143E-199	603
Q2FZ43	A6U159	0.995	245	1	0	1	245	1	245	5.143E-199	603
Q2FZ43	A7X1L0	0.995	245	1	0	1	245	1	245	5.143E-199	603
Q2FZ43	P66970	0.995	245	1	0	1	245	1	245	5.143E-199	603
Q2FZ43	P66971	0.995	245	1	0	1	245	1	245	5.143E-199	603
Q2FZ43	Q6GHJ5	0.995	245	1	0	1	245	1	245	5.143E-199	603
Q6CUM6	Q6CUM6	1.000	298	0	0	1	298	1	298	5.402E-238	720
Q5U2R4	Q5U2R4	1.000	414	0	0	1	414	1	414	0.000E+00	1011
Q5U2R4	Q3UFY8	0.900	414	41	0	1	414	1	414	1.610E-299	909
A6L5G9	A6L5G9	1.000	224	0	0	1	224	1	224	5.611E-177	538
Q895M2	Q895M2	1.000	239	0	0	1	239	1	239	4.742E-193	585
Q7JUX9	Q7JUX9	1.000	446	0	0	1	446	1	446	0.000E+00	1104
Q3UFY8	Q3UFY8	1.000	414	0	0	1	414	1	414	0.000E+00	1003
Q3UFY8	Q5U2R4	0.900	414	41	0	1	414	1	414	1.610E-299	909
Q4WXA1	Q4WXA1	1.000	396	0	0	1	396	1	396	6.898E-316	952
Q2FHJ8	A6QGE0	1.000	245	0	0	1	245	1	245	7.623E-200	605
Q2FHJ8	Q2FHJ8	1.000	245	0	0	1	245	1	245	7.623E-200	605
Q2FHJ8	Q2FZ43	1.000	245	0	0	1	245	1	245	7.623E-200	605
Q2FHJ8	Q2YXM5	1.000	245	0	0	1	245	1	245	7.623E-200	605
Q2FHJ8	Q5HGJ2	1.000	245	0	0	1	245	1	245	7.623E-200	605
Q2FHJ8	Q6G9X3	1.000	245	0	0	1	245	1	245	7.623E-200	605
Q2FHJ8	Q8NX06	1.000	245	0	0	1	245	1	245	7.623E-200	605
Q2FHJ8	A5ISC5	0.995	245	1	0	1	245	1	245	5.143E-199	603
Q2FHJ8	A6U159	0.995	245	1	0	1	245	1	245	5.143E-199	603
Q2FHJ8	A7X1L0	0.995	245	1	0	1	245	1	245	5.143E-199	603
Q2FHJ8	P66970	0.995	245	1	0	1	245	1	245	5.143E-199	603
Q2FHJ8	P66971	0.995	245	1	0	1	245	1	245	5.143E-199	603
Q2FHJ8	Q6GHJ5	0.995	245	1	0	1	245	1	245	5.143E-199	603
B9EBB9	B9EBB9	1.000	240	0	0	1	240	1	240	2.574E-195	591
Q64TM8	Q5LCI1	1.000	225	0	0	1	225	1	225	3.010E-178	541
Q64TM8	Q64TM8	1.000	225	0	0	1	225	1	225	3.010E-178	541
Q64TM8	Q8A9C2	0.955	225	10	0	1	225	1	225	5.899E-171	521
A5FHV7	A5FHV7	1.000	226	0	0	1	226	1	226	7.614E-181	549
A5FHV7	A6H0R6	0.915	224	19	0	1	224	1	224	6.134E-165	504
P66971	A5ISC5	1.000	245	0	0	1	245	1	245	5.203E-200	605
P66971	A6U159	1.000	245	0	0	1	245	1	245	5.203E-200	605
P66971	A7X1L0	1.000	245	0	0	1	245	1	245	5.203E-200	605
P66971	P66970	1.000	245	0	0	1	245	1	245	5.203E-200	605
P66971	P66971	1.000	245	0	0	1	245	1	245	5.203E-200	605
P66971	A6QGE0	0.995	245	1	0	1	245	1	245	5.143E-199	603
P66971	Q2FHJ8	0.995	245	1	0	1	245	1	245	5.143E-199	603
P66971	Q2FZ43	0.995	245	1	0	1	245	1	245	5.143E-199	603
P66971	Q2YXM5	0.995	245	1	0	1	245	1	245	5.143E-199	603
P66971	Q5HGJ2	0.995	245	1	0	1	245	1	245	5.143E-199	603
P66971	Q6G9X3	0.995	245	1	0	1	245	1	245	5.143E-199	603
P66971	Q8NX06	0.995	245	1	0	1	245	1	245	5.143E-199	603
P66971	Q6GHJ5	0.991	245	2	0	1	245	1	245	3.470E-198	600
B3DTR2	B3DTR2	1.000	288	0	0	1	288	1	288	4.355E-232	702
Q2KI45	Q2KI45	1.000	426	0	0	1	426	1	426	0.000E+00	1030
A6U159	A5ISC5	1.000	245	0	0	1	245	1	245	5.203E-200	605
A6U159	A6U159	1.000	245	0	0	1	245	1	245	5.203E-200	605
A6U159	A7X1L0	1.000	245	0	0	1	245	1	245	5.203E-200	605
A6U159	P66970	1.000	245	0	0	1	245	1	245	5.203E-200	605
A6U159	P66971	1.000	245	0	0	1	245	1	245	5.203E-200	605
A6U159	A6QGE0	0.995	245	1	0	1	245	1	245	5.143E-199	603
A6U159	Q2FHJ8	0.995	245	1	0	1	245	1	245	5.143E-199	603
A6U159	Q2FZ43	0.995	245	1	0	1	245	1	245	5.143E-199	603
A6U159	Q2YXM5	0.995	245	1	0	1	245	1	245	5.143E-199	603
A6U159	Q5HGJ2	0.995	245	1	0	1	245	1	245	5.143E-199	603
A6U159	Q6G9X3	0.995	245	1	0	1	245	1	245	5.143E-199	603
A6U159	Q8NX06	0.995	245	1	0	1	245	1	245	5.143E-199	603
A6U159	Q6GHJ5	0.991	245	2	0	1	245	1	245	3.470E-198	600
Q2YXM5	A6QGE0	1.000	245	0	0	1	245	1	245	7.623E-200	605
Q2YXM5	Q2FHJ8	1.000	245	0	0	1	245	1	245	7.623E-200	605
Q2YXM5	Q2FZ43	1.000	245	0	0	1	245	1	245	7.623E-200	605
Q2YXM5	Q2YXM5	1.000	245	0	0	1	245	1	245	7.623E-200	605
Q2YXM5	Q5HGJ2	1.000	245	0	0	1	245	1	245	7.623E-200	605
Q2YXM5	Q6G9X3	1.000	245	0	0	1	245	1	245	7.623E-200	605
Q2YXM5	Q8NX06	1.000	245	0	0	1	245	1	245	7.623E-200	605
Q2YXM5	A5ISC5	0.995	245	1	0	1	245	1	245	5.143E-199	603
Q2YXM5	A6U159	0.995	245	1	0	1	245	1	245	5.143E-199	603
Q2YXM5	A7X1L0	0.995	245	1	0	1	245	1	245	5.143E-199	603
Q2YXM5	P66970	0.995	245	1	0	1	245	1	245	5.143E-199	603
Q2YXM5	P66971	0.995	245	1	0	1	245	1	245	5.143E-199	603
Q2YXM5	Q6GHJ5	0.995	245	1	0	1	245	1	245	5.143E-199	603
Q8NX06	A6QGE0	1.000	245	0	0	1	245	1	245	7.623E-200	605
Q8NX06	Q2FHJ8	1.000	245	0	0	1	245	1	245	7.623E-200	605
Q8NX06	Q2FZ43	1.000	245	0	0	1	245	1	245	7.623E-200	605
Q8NX06	Q2YXM5	1.000	245	0	0	1	245	1	245	7.623E-200	605
Q8NX06	Q5HGJ2	1.000	245	0	0	1	245	1	245	7.623E-200	605
Q8NX06	Q6G9X3	1.000	245	0	0	1	245	1	245	7.623E-200	605
Q8NX06	Q8NX06	1.000	245	0	0	1	245	1	245	7.623E-200	605
Q8NX06	A5ISC5	0.995	245	1	0	1	245	1	245	5.143E-199	603
Q8NX06	A6U159	0.995	245	1	0	1	245	1	245	5.143E-199	603
Q8NX06	A7X1L0	0.995	245	1	0	1	245	1	245	5.143E-199	603
Q8NX06	P66970	0.995	245	1	0	1	245	1	245	5.143E-199	603
Q8NX06	P66971	0.995	245	1	0	1	245	1	245	5.143E-199	603
Q8NX06	Q6GHJ5	0.995	245	1	0	1	245	1	245	5.143E-199	603
A6H0R6	A6H0R6	1.000	225	0	0	1	225	1	225	2.129E-181	550
A6H0R6	A5FHV7	0.915	224	19	0	1	224	1	224	5.410E-165	504
O14214	O14214	1.000	304	0	0	1	304	1	304	3.699E-238	721
Q6GHJ5	Q6GHJ5	1.000	245	0	0	1	245	1	245	1.117E-199	604
Q6GHJ5	A6QGE0	0.995	245	1	0	1	245	1	245	5.143E-199	603
Q6GHJ5	Q2FHJ8	0.995	245	1	0	1	245	1	245	5.143E-199	603
Q6GHJ5	Q2FZ43	0.995	245	1	0	1	245	1	245	5.143E-199	603
Q6GHJ5	Q2YXM5	0.995	245	1	0	1	245	1	245	5.143E-199	603
Q6GHJ5	Q5HGJ2	0.995	245	1	0	1	245	1	245	5.143E-199	603
Q6GHJ5	Q6G9X3	0.995	245	1	0	1	245	1	245	5.143E-199	603
Q6GHJ5	Q8NX06	0.995	245	1	0	1	245	1	245	5.143E-199	603
Q6GHJ5	A5ISC5	0.991	245	2	0	1	245	1	245	3.470E-198	600
Q6GHJ5	A6U159	0.991	245	2	0	1	245	1	245	3.470E-198	600
Q6GHJ5	A7X1L0	0.991	245	2	0	1	245	1	245	3.470E-198	600
Q6GHJ5	P66970	0.991	245	2	0	1	245	1	245	3.470E-198	600
Q6GHJ5	P66971	0.991	245	2	0	1	245	1	245	3.470E-198	600
Q5HGJ2	A6QGE0	1.000	245	0	0	1	245	1	245	7.623E-200	605
Q5HGJ2	Q2FHJ8	1.000	245	0	0	1	245	1	245	7.623E-200	605
Q5HGJ2	Q2FZ43	1.000	245	0	0	1	245	1	245	7.623E-200	605
Q5HGJ2	Q2YXM5	1.000	245	0	0	1	245	1	245	7.623E-200	605
Q5HGJ2	Q5HGJ2	1.000	245	0	0	1	245	1	245	7.623E-200	605
Q5HGJ2	Q6G9X3	1.000	245	0	0	1	245	1	245	7.623E-200	605
Q5HGJ2	Q8NX06	1.000	245	0	0	1	245	1	245	7.623E-200	605
Q5HGJ2	A5ISC5	0.995	245	1	0	1	245	1	245	5.143E-199	603
Q5HGJ2	A6U159	0.995	245	1	0	1	245	1	245	5.143E-199	603
Q5HGJ2	A7X1L0	0.995	245	1	0	1	245	1	245	5.143E-199	603
Q5HGJ2	P66970	0.995	245	1	0	1	245	1	245	5.143E-199	603
Q5HGJ2	P66971	0.995	245	1	0	1	245	1	245	5.143E-199	603
Q5HGJ2	Q6GHJ5	0.995	245	1	0	1	245	1	245	5.143E-199	603
Q72DU3	Q72DU3	1.000	425	0	0	1	425	1	425	0.000E+00	1030
Q6FQB2	Q6FQB2	1.000	287	0	0	1	287	1	287	3.733E-230	696
P66970	A5ISC5	1.000	245	0	0	1	245	1	245	5.203E-200	605
P66970	A6U159	1.000	245	0	0	1	245	1	245	5.203E-200	605
P66970	A7X1L0	1.000	245	0	0	1	245	1	245	5.203E-200	605
P66970	P66970	1.000	245	0	0	1	245	1	245	5.203E-200	605
P66970	P66971	1.000	245	0	0	1	245	1	245	5.203E-200	605
P66970	A6QGE0	0.995	245	1	0	1	245	1	245	5.143E-199	603
P66970	Q2FHJ8	0.995	245	1	0	1	245	1	245	5.143E-199	603
P66970	Q2FZ43	0.995	245	1	0	1	245	1	245	5.143E-199	603
P66970	Q2YXM5	0.995	245	1	0	1	245	1	245	5.143E-199	603
P66970	Q5HGJ2	0.995	245	1	0	1	245	1	245	5.143E-199	603
P66970	Q6G9X3	0.995	245	1	0	1	245	1	245	5.143E-199	603
P66970	Q8NX06	0.995	245	1	0	1	245	1	245	5.143E-199	603
P66970	Q6GHJ5	0.991	245	2	0	1	245	1	245	3.470E-198	600
Q6G9X3	A6QGE0	1.000	245	0	0	1	245	1	245	7.623E-200	605
Q6G9X3	Q2FHJ8	1.000	245	0	0	1	245	1	245	7.623E-200	605
Q6G9X3	Q2FZ43	1.000	245	0	0	1	245	1	245	7.623E-200	605
Q6G9X3	Q2YXM5	1.000	245	0	0	1	245	1	245	7.623E-200	605
Q6G9X3	Q5HGJ2	1.000	245	0	0	1	245	1	245	7.623E-200	605
Q6G9X3	Q6G9X3	1.000	245	0	0	1	245	1	245	7.623E-200	605
Q6G9X3	Q8NX06	1.000	245	0	0	1	245	1	245	7.623E-200	605
Q6G9X3	A5ISC5	0.995	245	1	0	1	245	1	245	5.143E-199	603
Q6G9X3	A6U159	0.995	245	1	0	1	245	1	245	5.143E-199	603
Q6G9X3	A7X1L0	0.995	245	1	0	1	245	1	245	5.143E-199	603
Q6G9X3	P66970	0.995	245	1	0	1	245	1	245	5.143E-199	603
Q6G9X3	P66971	0.995	245	1	0	1	245	1	245	5.143E-199	603
Q6G9X3	Q6GHJ5	0.995	245	1	0	1	245	1	245	5.143E-199	603
Q9VR56	Q9VR56	1.000	319	0	0	1	319	1	319	2.284E-258	780
Q8A9C2	Q8A9C2	1.000	225	0	0	1	225	1	225	1.403E-178	542
Q8A9C2	Q5LCI1	0.955	225	10	0	1	225	1	225	5.899E-171	521
Q8A9C2	Q64TM8	0.955	225	10	0	1	225	1	225	5.899E-171	521
A7X1L0	A5ISC5	1.000	245	0	0	1	245	1	245	5.203E-200	605
A7X1L0	A6U159	1.000	245	0	0	1	245	1	245	5.203E-200	605
A7X1L0	A7X1L0	1.000	245	0	0	1	245	1	245	5.203E-200	605
A7X1L0	P66970	1.000	245	0	0	1	245	1	245	5.203E-200	605
A7X1L0	P66971	1.000	245	0	0	1	245	1	245	5.203E-200	605
A7X1L0	A6QGE0	0.995	245	1	0	1	245	1	245	5.143E-199	603
A7X1L0	Q2FHJ8	0.995	245	1	0	1	245	1	245	5.143E-199	603
A7X1L0	Q2FZ43	0.995	245	1	0	1	245	1	245	5.143E-199	603
A7X1L0	Q2YXM5	0.995	245	1	0	1	245	1	245	5.143E-199	603
A7X1L0	Q5HGJ2	0.995	245	1	0	1	245	1	245	5.143E-199	603
A7X1L0	Q6G9X3	0.995	245	1	0	1	245	1	245	5.143E-199	603
A7X1L0	Q8NX06	0.995	245	1	0	1	245	1	245	5.143E-199	603
A7X1L0	Q6GHJ5	0.991	245	2	0	1	245	1	245	3.470E-198	600
Q5LCI1	Q5LCI1	1.000	225	0	0	1	225	1	225	3.010E-178	541
Q5LCI1	Q64TM8	1.000	225	0	0	1	225	1	225	3.010E-178	541
Q5LCI1	Q8A9C2	0.955	225	10	0	1	225	1	225	5.899E-171	521
B7GMW8	B7GMW8	1.000	271	0	0	1	271	1	271	6.014E-219	662
B7GMW8	Q8CY56	0.981	271	5	0	1	271	1	271	5.715E-215	651
A5ISC5	A5ISC5	1.000	245	0	0	1	245	1	245	5.203E-200	605
A5ISC5	A6U159	1.000	245	0	0	1	245	1	245	5.203E-200	605
A5ISC5	A7X1L0	1.000	245	0	0	1	245	1	245	5.203E-200	605
A5ISC5	P66970	1.000	245	0	0	1	245	1	245	5.203E-200	605
A5ISC5	P66971	1.000	245	0	0	1	245	1	245	5.203E-200	605
A5ISC5	A6QGE0	0.995	245	1	0	1	245	1	245	5.143E-199	603
A5ISC5	Q2FHJ8	0.995	245	1	0	1	245	1	245	5.143E-199	603
A5ISC5	Q2FZ43	0.995	245	1	0	1	245	1	245	5.143E-199	603
A5ISC5	Q2YXM5	0.995	245	1	0	1	245	1	245	5.143E-199	603
A5ISC5	Q5HGJ2	0.995	245	1	0	1	245	1	245	5.143E-199	603
A5ISC5	Q6G9X3	0.995	245	1	0	1	245	1	245	5.143E-199	603
A5ISC5	Q8NX06	0.995	245	1	0	1	245	1	245	5.143E-199	603
A5ISC5	Q6GHJ5	0.991	245	2	0	1	245	1	245	3.470E-198	600
Q3A2E7	Q3A2E7	1.000	247	0	0	1	247	1	247	1.394E-196	596
