P9WPB5	P0A5P1	1.000	302	0	0	1	302	1	302	6.610E-248	750
P9WPB5	P9WPB4	1.000	302	0	0	1	302	1	302	6.610E-248	750
P9WPB5	P9WPB5	1.000	302	0	0	1	302	1	302	6.610E-248	750
B2I705	B2I705	1.000	246	0	0	1	246	1	246	3.618E-196	597
B2I705	Q87BG5	1.000	246	0	0	1	246	1	246	3.618E-196	597
B2I705	B0U3W1	0.987	246	3	0	1	246	1	246	2.410E-194	591
B2I705	Q9PAM5	0.971	246	7	0	1	246	1	246	1.562E-190	581
B7H2Y9	B0V5X4	1.000	237	0	0	1	237	1	237	3.397E-192	584
B7H2Y9	B7H2Y9	1.000	237	0	0	1	237	1	237	3.397E-192	584
B7H2Y9	B7IBN2	1.000	237	0	0	1	237	1	237	3.397E-192	584
B7H2Y9	B0VMN8	0.995	236	1	0	1	236	1	236	2.292E-191	582
B7H2Y9	B2I023	0.991	236	2	0	1	236	1	236	3.358E-191	581
B7H2Y9	Q6FFY1	0.927	236	17	0	1	236	1	236	4.216E-179	547
Q9TYP1	Q9TYP1	1.000	334	0	0	1	334	1	334	3.867E-272	822
Q9JXI7	Q9JXI7	1.000	238	0	0	1	238	1	238	1.822E-193	588
Q9JXI7	Q9JWE6	0.991	238	2	0	1	238	1	238	8.297E-192	583
Q9JXI7	A9M0C4	0.995	238	1	0	1	238	1	238	1.780E-191	582
Q6MX39	Q6MX39	1.000	286	0	0	1	286	1	286	1.406E-228	693
Q54I98	Q54I98	1.000	354	0	0	1	354	1	354	6.313E-288	870
H2E7T9	H2E7T9	1.000	389	0	0	1	389	1	389	2.755E-318	960
I1RGC4	I1RGC4	1.000	381	0	0	1	381	1	381	1.978E-313	945
B0V5X4	B0V5X4	1.000	237	0	0	1	237	1	237	3.397E-192	584
B0V5X4	B7H2Y9	1.000	237	0	0	1	237	1	237	3.397E-192	584
B0V5X4	B7IBN2	1.000	237	0	0	1	237	1	237	3.397E-192	584
B0V5X4	B0VMN8	0.995	236	1	0	1	236	1	236	2.292E-191	582
B0V5X4	B2I023	0.991	236	2	0	1	236	1	236	3.358E-191	581
B0V5X4	Q6FFY1	0.927	236	17	0	1	236	1	236	4.216E-179	547
B2I023	B2I023	1.000	237	0	0	1	237	1	237	3.397E-192	584
B2I023	B0VMN8	0.995	237	1	0	1	237	1	237	4.977E-192	584
B2I023	B0V5X4	0.991	236	2	0	1	236	1	236	3.358E-191	581
B2I023	B7H2Y9	0.991	236	2	0	1	236	1	236	3.358E-191	581
B2I023	B7IBN2	0.991	236	2	0	1	236	1	236	3.358E-191	581
B2I023	Q6FFY1	0.923	236	18	0	1	236	1	236	4.216E-179	547
Q3JPX1	Q3JPX1	1.000	232	0	0	1	232	1	232	5.160E-185	563
Q3JPX1	Q62M18	1.000	232	0	0	1	232	1	232	5.160E-185	563
Q3JPX1	Q63RZ8	1.000	232	0	0	1	232	1	232	5.160E-185	563
P0CH91	A5U028	1.000	293	0	0	1	293	1	293	1.762E-235	714
P0CH91	P0CH91	1.000	293	0	0	1	293	1	293	1.762E-235	714
P0CH91	Q7U1K0	1.000	293	0	0	1	293	1	293	1.762E-235	714
Q55216	Q55216	1.000	356	0	0	1	356	1	356	1.037E-277	841
Q55216	Q06528	0.971	356	10	0	1	356	1	356	6.460E-272	825
L0E172	L0E172	1.000	326	0	0	1	326	1	326	7.746E-258	781
A8EY40	A8EY40	1.000	236	0	0	1	236	1	236	8.954E-188	572
A8EY40	Q4UME7	0.902	236	23	0	1	236	1	236	6.845E-169	519
O14321	O14321	1.000	378	0	0	1	378	1	378	2.736E-309	933
Q63RZ8	Q3JPX1	1.000	232	0	0	1	232	1	232	5.160E-185	563
Q63RZ8	Q62M18	1.000	232	0	0	1	232	1	232	5.160E-185	563
Q63RZ8	Q63RZ8	1.000	232	0	0	1	232	1	232	5.160E-185	563
P0A9H8	P0A9H7	1.000	382	0	0	1	382	1	382	2.338E-316	953
P0A9H8	P0A9H8	1.000	382	0	0	1	382	1	382	2.338E-316	953
A9M0C4	A9M0C4	1.000	238	0	0	1	238	1	238	8.393E-193	586
A9M0C4	Q9JXI7	0.995	238	1	0	1	238	1	238	1.780E-191	582
A9M0C4	Q9JWE6	0.987	238	3	0	1	238	1	238	8.102E-190	578
Q7U1K1	Q7U1K1	1.000	301	0	0	1	301	1	301	5.599E-245	741
Q7U1K1	A5U027	0.996	301	1	0	1	301	1	301	2.577E-244	740
Q7U1K1	Q79FX8	0.996	301	1	0	1	301	1	301	2.577E-244	740
Q92H07	Q92H07	1.000	289	0	0	1	289	1	289	9.755E-230	697
Q9ZCT9	Q9ZCT9	1.000	252	0	0	1	252	1	252	3.784E-199	606
H2E7T7	H2E7T7	1.000	379	0	0	1	379	1	379	4.557E-309	932
Q39227	Q39227	1.000	361	0	0	1	361	1	361	5.417E-295	890
A9M8K8	A5VSK3	1.000	248	0	0	1	248	1	248	6.853E-196	596
A9M8K8	A9M8K8	1.000	248	0	0	1	248	1	248	6.853E-196	596
A9M8K8	B0CIC6	1.000	248	0	0	1	248	1	248	6.853E-196	596
A9M8K8	B2S828	1.000	248	0	0	1	248	1	248	6.853E-196	596
A9M8K8	Q2YLN5	1.000	248	0	0	1	248	1	248	6.853E-196	596
A9M8K8	Q8FYK0	1.000	248	0	0	1	248	1	248	6.853E-196	596
A9M8K8	C0RFB8	0.995	248	1	0	1	248	1	248	3.154E-195	594
A9M8K8	Q8YJ98	0.995	248	1	0	1	248	1	248	3.154E-195	594
A8GPB1	A8GPB1	1.000	251	0	0	1	251	1	251	1.046E-198	604
Q11E01	Q11E01	1.000	253	0	0	1	253	1	253	6.382E-200	608
Q6CYB3	Q6CYB3	1.000	371	0	0	1	371	1	371	2.118E-300	907
A5VSK3	A5VSK3	1.000	248	0	0	1	248	1	248	6.853E-196	596
A5VSK3	A9M8K8	1.000	248	0	0	1	248	1	248	6.853E-196	596
A5VSK3	B0CIC6	1.000	248	0	0	1	248	1	248	6.853E-196	596
A5VSK3	B2S828	1.000	248	0	0	1	248	1	248	6.853E-196	596
A5VSK3	Q2YLN5	1.000	248	0	0	1	248	1	248	6.853E-196	596
A5VSK3	Q8FYK0	1.000	248	0	0	1	248	1	248	6.853E-196	596
A5VSK3	C0RFB8	0.995	248	1	0	1	248	1	248	3.154E-195	594
A5VSK3	Q8YJ98	0.995	248	1	0	1	248	1	248	3.154E-195	594
A0A1C9U5X5	A0A1C9U5X5	1.000	363	0	0	1	363	1	363	9.984E-293	884
A5U030	A5U030	1.000	286	0	0	1	286	1	286	6.554E-229	694
A5U030	P0A5Q1	1.000	286	0	0	1	286	1	286	6.554E-229	694
A5U030	P9WPB0	1.000	286	0	0	1	286	1	286	6.554E-229	694
A5U030	P9WPB1	1.000	286	0	0	1	286	1	286	6.554E-229	694
Q7U4Z9	Q7U4Z9	1.000	280	0	0	1	280	1	280	4.273E-226	685
Q9KJ21	Q9KJ21	1.000	279	0	0	1	279	1	279	8.459E-230	696
Q54HI0	Q54HI0	1.000	512	0	0	1	512	1	512	0.000E+00	1243
Q8P8H2	B0RS27	1.000	239	0	0	1	239	1	239	4.189E-188	573
Q8P8H2	Q4UVL4	1.000	239	0	0	1	239	1	239	4.189E-188	573
Q8P8H2	Q8P8H2	1.000	239	0	0	1	239	1	239	4.189E-188	573
Q8P8H2	B2SHS9	0.912	239	21	0	1	239	1	239	6.908E-170	522
Q8P8H2	Q2P2C4	0.912	239	21	0	1	239	1	239	6.908E-170	522
Q8P8H2	Q5GZB5	0.912	239	21	0	1	239	1	239	6.908E-170	522
Q8P8H2	Q3BSF8	0.907	239	22	0	1	239	1	239	1.480E-169	521
P0CT10	L7IP31	1.000	390	0	0	1	390	1	390	6.447E-315	951
P0CT10	P0CT10	1.000	390	0	0	1	390	1	390	6.447E-315	951
Q98G87	Q98G87	1.000	249	0	0	1	249	1	249	7.890E-197	599
Q759S7	Q759S7	1.000	373	0	0	1	373	1	373	1.895E-301	910
P9WPB0	A5U030	1.000	286	0	0	1	286	1	286	6.554E-229	694
P9WPB0	P0A5Q1	1.000	286	0	0	1	286	1	286	6.554E-229	694
P9WPB0	P9WPB0	1.000	286	0	0	1	286	1	286	6.554E-229	694
P9WPB0	P9WPB1	1.000	286	0	0	1	286	1	286	6.554E-229	694
C4KJM8	C3MJI5	1.000	199	0	0	1	199	1	199	7.041E-151	463
C4KJM8	C3MTW8	1.000	199	0	0	1	199	1	199	7.041E-151	463
C4KJM8	C3N0H8	1.000	199	0	0	1	199	1	199	7.041E-151	463
C4KJM8	C3N8G6	1.000	199	0	0	1	199	1	199	7.041E-151	463
C4KJM8	C4KJM8	1.000	199	0	0	1	199	1	199	7.041E-151	463
C4KJM8	C3NJQ5	0.994	199	1	0	1	199	1	199	3.240E-150	461
C4KJM8	Q97WC7	0.909	198	18	0	1	198	1	198	1.858E-138	428
C3MJI5	C3MJI5	1.000	199	0	0	1	199	1	199	7.041E-151	463
C3MJI5	C3MTW8	1.000	199	0	0	1	199	1	199	7.041E-151	463
C3MJI5	C3N0H8	1.000	199	0	0	1	199	1	199	7.041E-151	463
C3MJI5	C3N8G6	1.000	199	0	0	1	199	1	199	7.041E-151	463
C3MJI5	C4KJM8	1.000	199	0	0	1	199	1	199	7.041E-151	463
C3MJI5	C3NJQ5	0.994	199	1	0	1	199	1	199	3.240E-150	461
C3MJI5	Q97WC7	0.909	198	18	0	1	198	1	198	1.858E-138	428
Q8FYK0	A5VSK3	1.000	248	0	0	1	248	1	248	6.853E-196	596
Q8FYK0	A9M8K8	1.000	248	0	0	1	248	1	248	6.853E-196	596
Q8FYK0	B0CIC6	1.000	248	0	0	1	248	1	248	6.853E-196	596
Q8FYK0	B2S828	1.000	248	0	0	1	248	1	248	6.853E-196	596
Q8FYK0	Q2YLN5	1.000	248	0	0	1	248	1	248	6.853E-196	596
Q8FYK0	Q8FYK0	1.000	248	0	0	1	248	1	248	6.853E-196	596
Q8FYK0	C0RFB8	0.995	248	1	0	1	248	1	248	3.154E-195	594
Q8FYK0	Q8YJ98	0.995	248	1	0	1	248	1	248	3.154E-195	594
Q6BRB7	Q6BRB7	1.000	377	0	0	1	377	1	377	2.375E-308	930
I1RJD6	I1RJD6	1.000	513	0	0	1	513	1	513	0.000E+00	1281
B2VIL6	B2VIL6	1.000	243	0	0	1	243	1	243	1.172E-198	603
C3SBU4	C3SBU4	1.000	358	0	0	1	358	1	358	1.629E-291	880
Q49807	Q49807	1.000	308	0	0	1	308	1	308	1.028E-251	761
B2SHS9	B2SHS9	1.000	239	0	0	1	239	1	239	8.987E-188	572
B2SHS9	Q2P2C4	1.000	239	0	0	1	239	1	239	8.987E-188	572
B2SHS9	Q5GZB5	1.000	239	0	0	1	239	1	239	8.987E-188	572
B2SHS9	Q3BSF8	0.941	239	14	0	1	239	1	239	7.604E-176	539
B2SHS9	B0RS27	0.912	239	21	0	1	239	1	239	6.908E-170	522
B2SHS9	Q4UVL4	0.912	239	21	0	1	239	1	239	6.908E-170	522
B2SHS9	Q8P8H2	0.912	239	21	0	1	239	1	239	6.908E-170	522
Q6FFY1	Q6FFY1	1.000	238	0	0	1	238	1	238	5.795E-194	589
Q6FFY1	B0VMN8	0.927	236	17	0	1	236	1	236	3.268E-179	548
Q6FFY1	B0V5X4	0.927	236	17	0	1	236	1	236	4.786E-179	547
Q6FFY1	B7H2Y9	0.927	236	17	0	1	236	1	236	4.786E-179	547
Q6FFY1	B7IBN2	0.927	236	17	0	1	236	1	236	4.786E-179	547
Q6FFY1	B2I023	0.923	236	18	0	1	236	1	236	4.786E-179	547
A8MGS9	A8MGS9	1.000	216	0	0	1	216	1	216	5.564E-172	524
Q7U1K0	A5U028	1.000	293	0	0	1	293	1	293	1.762E-235	714
Q7U1K0	P0CH91	1.000	293	0	0	1	293	1	293	1.762E-235	714
Q7U1K0	Q7U1K0	1.000	293	0	0	1	293	1	293	1.762E-235	714
Q2YLN5	A5VSK3	1.000	248	0	0	1	248	1	248	6.853E-196	596
Q2YLN5	A9M8K8	1.000	248	0	0	1	248	1	248	6.853E-196	596
Q2YLN5	B0CIC6	1.000	248	0	0	1	248	1	248	6.853E-196	596
Q2YLN5	B2S828	1.000	248	0	0	1	248	1	248	6.853E-196	596
Q2YLN5	Q2YLN5	1.000	248	0	0	1	248	1	248	6.853E-196	596
Q2YLN5	Q8FYK0	1.000	248	0	0	1	248	1	248	6.853E-196	596
Q2YLN5	C0RFB8	0.995	248	1	0	1	248	1	248	3.154E-195	594
Q2YLN5	Q8YJ98	0.995	248	1	0	1	248	1	248	3.154E-195	594
Q4UVL4	B0RS27	1.000	239	0	0	1	239	1	239	4.189E-188	573
Q4UVL4	Q4UVL4	1.000	239	0	0	1	239	1	239	4.189E-188	573
Q4UVL4	Q8P8H2	1.000	239	0	0	1	239	1	239	4.189E-188	573
Q4UVL4	B2SHS9	0.912	239	21	0	1	239	1	239	6.908E-170	522
Q4UVL4	Q2P2C4	0.912	239	21	0	1	239	1	239	6.908E-170	522
Q4UVL4	Q5GZB5	0.912	239	21	0	1	239	1	239	6.908E-170	522
Q4UVL4	Q3BSF8	0.907	239	22	0	1	239	1	239	1.480E-169	521
Q06528	Q06528	1.000	356	0	0	1	356	1	356	4.837E-278	842
Q06528	Q55216	0.971	356	10	0	1	356	1	356	6.460E-272	825
C3SBW0	C3SBW0	1.000	356	0	0	1	356	1	356	3.856E-289	873
Q875K1	Q875K1	1.000	375	0	0	1	375	1	375	5.693E-307	926
A4SM99	A4SM99	1.000	238	0	0	1	238	1	238	1.780E-191	582
P9WPB3	P9WPB2	1.000	287	0	0	1	287	1	287	7.938E-234	708
P9WPB3	P9WPB3	1.000	287	0	0	1	287	1	287	7.938E-234	708
Q5C9L6	Q5C9L6	1.000	361	0	0	1	361	1	361	7.623E-292	882
Q9P3R1	Q9P3R1	1.000	379	0	0	1	379	1	379	2.124E-309	933
Q7U1J9	Q7U1J9	1.000	287	0	0	1	287	1	287	1.661E-231	702
Q7U1J9	A5U029	0.996	287	1	0	1	287	1	287	1.640E-230	699
Q7U1J9	Q79FX6	0.996	287	1	0	1	287	1	287	1.640E-230	699
B0CIC6	A5VSK3	1.000	248	0	0	1	248	1	248	6.853E-196	596
B0CIC6	A9M8K8	1.000	248	0	0	1	248	1	248	6.853E-196	596
B0CIC6	B0CIC6	1.000	248	0	0	1	248	1	248	6.853E-196	596
B0CIC6	B2S828	1.000	248	0	0	1	248	1	248	6.853E-196	596
B0CIC6	Q2YLN5	1.000	248	0	0	1	248	1	248	6.853E-196	596
B0CIC6	Q8FYK0	1.000	248	0	0	1	248	1	248	6.853E-196	596
B0CIC6	C0RFB8	0.995	248	1	0	1	248	1	248	3.154E-195	594
B0CIC6	Q8YJ98	0.995	248	1	0	1	248	1	248	3.154E-195	594
A8GX11	A8GX11	1.000	240	0	0	1	240	1	240	2.248E-189	577
A8GX11	Q1RJC7	1.000	240	0	0	1	240	1	240	2.248E-189	577
Q9KJ20	Q9KJ20	1.000	565	0	0	1	565	1	565	0.000E+00	1397
B0RS27	B0RS27	1.000	239	0	0	1	239	1	239	4.189E-188	573
B0RS27	Q4UVL4	1.000	239	0	0	1	239	1	239	4.189E-188	573
B0RS27	Q8P8H2	1.000	239	0	0	1	239	1	239	4.189E-188	573
B0RS27	B2SHS9	0.912	239	21	0	1	239	1	239	6.908E-170	522
B0RS27	Q2P2C4	0.912	239	21	0	1	239	1	239	6.908E-170	522
B0RS27	Q5GZB5	0.912	239	21	0	1	239	1	239	6.908E-170	522
B0RS27	Q3BSF8	0.907	239	22	0	1	239	1	239	1.480E-169	521
Q6ZIX2	Q6ZIX2	1.000	344	0	0	1	344	1	344	2.363E-282	852
P9WPB2	P9WPB2	1.000	287	0	0	1	287	1	287	7.938E-234	708
P9WPB2	P9WPB3	1.000	287	0	0	1	287	1	287	7.938E-234	708
B7IBN2	B0V5X4	1.000	237	0	0	1	237	1	237	3.397E-192	584
B7IBN2	B7H2Y9	1.000	237	0	0	1	237	1	237	3.397E-192	584
B7IBN2	B7IBN2	1.000	237	0	0	1	237	1	237	3.397E-192	584
B7IBN2	B0VMN8	0.995	236	1	0	1	236	1	236	2.292E-191	582
B7IBN2	B2I023	0.991	236	2	0	1	236	1	236	3.358E-191	581
B7IBN2	Q6FFY1	0.927	236	17	0	1	236	1	236	4.216E-179	547
A3DBD7	A3DBD7	1.000	283	0	0	1	283	1	283	4.179E-224	680
C3SBS8	C3SBS8	1.000	350	0	0	1	350	1	350	2.446E-284	859
Q3BSF8	Q3BSF8	1.000	239	0	0	1	239	1	239	6.136E-188	572
Q3BSF8	B2SHS9	0.941	239	14	0	1	239	1	239	7.604E-176	539
Q3BSF8	Q2P2C4	0.941	239	14	0	1	239	1	239	7.604E-176	539
Q3BSF8	Q5GZB5	0.941	239	14	0	1	239	1	239	7.604E-176	539
Q3BSF8	B0RS27	0.907	239	22	0	1	239	1	239	1.480E-169	521
Q3BSF8	Q4UVL4	0.907	239	22	0	1	239	1	239	1.480E-169	521
Q3BSF8	Q8P8H2	0.907	239	22	0	1	239	1	239	1.480E-169	521
P9WPB7	A5U866	1.000	287	0	0	1	287	1	287	2.433E-231	701
P9WPB7	P9WPB7	1.000	287	0	0	1	287	1	287	2.433E-231	701
P9WPB7	P9WPB6	0.996	287	1	0	1	287	1	287	2.402E-230	698
Q8YJ98	C0RFB8	1.000	248	0	0	1	248	1	248	4.679E-196	597
Q8YJ98	Q8YJ98	1.000	248	0	0	1	248	1	248	4.679E-196	597
Q8YJ98	A5VSK3	0.995	248	1	0	1	248	1	248	3.154E-195	594
Q8YJ98	A9M8K8	0.995	248	1	0	1	248	1	248	3.154E-195	594
Q8YJ98	B0CIC6	0.995	248	1	0	1	248	1	248	3.154E-195	594
Q8YJ98	B2S828	0.995	248	1	0	1	248	1	248	3.154E-195	594
Q8YJ98	Q2YLN5	0.995	248	1	0	1	248	1	248	3.154E-195	594
Q8YJ98	Q8FYK0	0.995	248	1	0	1	248	1	248	3.154E-195	594
C4R7Z3	C4R7Z3	1.000	489	0	0	1	489	1	489	0.000E+00	1211
B0U3W1	B0U3W1	1.000	246	0	0	1	246	1	246	3.618E-196	597
B0U3W1	B2I705	0.987	246	3	0	1	246	1	246	2.410E-194	591
B0U3W1	Q87BG5	0.987	246	3	0	1	246	1	246	2.410E-194	591
B0U3W1	Q9PAM5	0.975	246	6	0	1	246	1	246	4.972E-191	582
A0A0A2IBN3	A0A0A2IBN3	1.000	276	0	0	1	276	1	276	1.019E-214	653
Q8CUK1	Q8CUK1	1.000	213	0	0	1	213	1	213	5.284E-168	513
Q2P2C4	B2SHS9	1.000	239	0	0	1	239	1	239	8.987E-188	572
Q2P2C4	Q2P2C4	1.000	239	0	0	1	239	1	239	8.987E-188	572
Q2P2C4	Q5GZB5	1.000	239	0	0	1	239	1	239	8.987E-188	572
Q2P2C4	Q3BSF8	0.941	239	14	0	1	239	1	239	7.604E-176	539
Q2P2C4	B0RS27	0.912	239	21	0	1	239	1	239	6.908E-170	522
Q2P2C4	Q4UVL4	0.912	239	21	0	1	239	1	239	6.908E-170	522
Q2P2C4	Q8P8H2	0.912	239	21	0	1	239	1	239	6.908E-170	522
P9WPB4	P0A5P1	1.000	302	0	0	1	302	1	302	6.610E-248	750
P9WPB4	P9WPB4	1.000	302	0	0	1	302	1	302	6.610E-248	750
P9WPB4	P9WPB5	1.000	302	0	0	1	302	1	302	6.610E-248	750
H2E7T8	H2E7T8	1.000	389	0	0	1	389	1	389	1.906E-319	963
C0RFB8	C0RFB8	1.000	248	0	0	1	248	1	248	4.679E-196	597
C0RFB8	Q8YJ98	1.000	248	0	0	1	248	1	248	4.679E-196	597
C0RFB8	A5VSK3	0.995	248	1	0	1	248	1	248	3.154E-195	594
C0RFB8	A9M8K8	0.995	248	1	0	1	248	1	248	3.154E-195	594
C0RFB8	B0CIC6	0.995	248	1	0	1	248	1	248	3.154E-195	594
C0RFB8	B2S828	0.995	248	1	0	1	248	1	248	3.154E-195	594
C0RFB8	Q2YLN5	0.995	248	1	0	1	248	1	248	3.154E-195	594
C0RFB8	Q8FYK0	0.995	248	1	0	1	248	1	248	3.154E-195	594
Q9PAM5	Q9PAM5	1.000	246	0	0	1	246	1	246	5.365E-197	599
Q9PAM5	B0U3W1	0.975	246	6	0	1	246	1	246	4.972E-191	582
Q9PAM5	B2I705	0.971	246	7	0	1	246	1	246	1.562E-190	581
Q9PAM5	Q87BG5	0.971	246	7	0	1	246	1	246	1.562E-190	581
Q8KZ94	Q8KZ94	1.000	283	0	0	1	283	1	283	1.225E-218	665
Q87BG5	B2I705	1.000	246	0	0	1	246	1	246	3.618E-196	597
Q87BG5	Q87BG5	1.000	246	0	0	1	246	1	246	3.618E-196	597
Q87BG5	B0U3W1	0.987	246	3	0	1	246	1	246	2.410E-194	591
Q87BG5	Q9PAM5	0.971	246	7	0	1	246	1	246	1.562E-190	581
A5U029	A5U029	1.000	287	0	0	1	287	1	287	1.134E-231	702
A5U029	Q79FX6	1.000	287	0	0	1	287	1	287	1.134E-231	702
A5U029	Q7U1J9	0.996	287	1	0	1	287	1	287	1.640E-230	699
Q1RJC7	A8GX11	1.000	240	0	0	1	240	1	240	2.248E-189	577
Q1RJC7	Q1RJC7	1.000	240	0	0	1	240	1	240	2.248E-189	577
Q108P1	Q108P1	1.000	358	0	0	1	358	1	358	1.565E-288	872
Q108P1	C3SBU5	0.983	358	6	0	1	358	1	358	1.460E-283	858
Q9M571	Q9M571	1.000	494	0	0	1	494	1	494	0.000E+00	1205
Q6FRZ7	Q6FRZ7	1.000	372	0	0	1	372	1	372	5.450E-304	917
I1RNL0	I1RNL0	1.000	521	0	0	1	521	1	521	0.000E+00	1308
C3N8G6	C3MJI5	1.000	199	0	0	1	199	1	199	7.041E-151	463
C3N8G6	C3MTW8	1.000	199	0	0	1	199	1	199	7.041E-151	463
C3N8G6	C3N0H8	1.000	199	0	0	1	199	1	199	7.041E-151	463
C3N8G6	C3N8G6	1.000	199	0	0	1	199	1	199	7.041E-151	463
C3N8G6	C4KJM8	1.000	199	0	0	1	199	1	199	7.041E-151	463
C3N8G6	C3NJQ5	0.994	199	1	0	1	199	1	199	3.240E-150	461
C3N8G6	Q97WC7	0.909	198	18	0	1	198	1	198	1.858E-138	428
P0A5Q1	A5U030	1.000	286	0	0	1	286	1	286	6.554E-229	694
P0A5Q1	P0A5Q1	1.000	286	0	0	1	286	1	286	6.554E-229	694
P0A5Q1	P9WPB0	1.000	286	0	0	1	286	1	286	6.554E-229	694
P0A5Q1	P9WPB1	1.000	286	0	0	1	286	1	286	6.554E-229	694
D5DIV9	D5DIV9	1.000	274	0	0	1	274	1	274	1.204E-217	661
O08249	O08249	1.000	204	0	0	1	204	1	204	4.635E-158	484
A5U866	A5U866	1.000	287	0	0	1	287	1	287	2.433E-231	701
A5U866	P9WPB7	1.000	287	0	0	1	287	1	287	2.433E-231	701
A5U866	P9WPB6	0.996	287	1	0	1	287	1	287	2.402E-230	698
A4F7P5	A4F7P5	1.000	306	0	0	1	306	1	306	1.538E-243	738
Q10162	Q10162	1.000	268	0	0	1	268	1	268	2.343E-210	640
P9WPB1	A5U030	1.000	286	0	0	1	286	1	286	6.554E-229	694
P9WPB1	P0A5Q1	1.000	286	0	0	1	286	1	286	6.554E-229	694
P9WPB1	P9WPB0	1.000	286	0	0	1	286	1	286	6.554E-229	694
P9WPB1	P9WPB1	1.000	286	0	0	1	286	1	286	6.554E-229	694
O53732	O53732	1.000	427	0	0	1	427	1	427	0.000E+00	1038
Q97WC7	Q97WC7	1.000	199	0	0	1	199	1	199	2.212E-150	461
Q97WC7	C3NJQ5	0.909	198	18	0	1	198	1	198	8.670E-139	429
Q97WC7	C3MJI5	0.909	198	18	0	1	198	1	198	1.858E-138	428
Q97WC7	C3MTW8	0.909	198	18	0	1	198	1	198	1.858E-138	428
Q97WC7	C3N0H8	0.909	198	18	0	1	198	1	198	1.858E-138	428
Q97WC7	C3N8G6	0.909	198	18	0	1	198	1	198	1.858E-138	428
Q97WC7	C4KJM8	0.909	198	18	0	1	198	1	198	1.858E-138	428
C3N0H8	C3MJI5	1.000	199	0	0	1	199	1	199	7.041E-151	463
C3N0H8	C3MTW8	1.000	199	0	0	1	199	1	199	7.041E-151	463
C3N0H8	C3N0H8	1.000	199	0	0	1	199	1	199	7.041E-151	463
C3N0H8	C3N8G6	1.000	199	0	0	1	199	1	199	7.041E-151	463
C3N0H8	C4KJM8	1.000	199	0	0	1	199	1	199	7.041E-151	463
C3N0H8	C3NJQ5	0.994	199	1	0	1	199	1	199	3.240E-150	461
C3N0H8	Q97WC7	0.909	198	18	0	1	198	1	198	1.858E-138	428
A5U028	A5U028	1.000	293	0	0	1	293	1	293	1.762E-235	714
A5U028	P0CH91	1.000	293	0	0	1	293	1	293	1.762E-235	714
A5U028	Q7U1K0	1.000	293	0	0	1	293	1	293	1.762E-235	714
C3SBU5	C3SBU5	1.000	358	0	0	1	358	1	358	3.357E-288	871
C3SBU5	Q108P1	0.983	358	6	0	1	358	1	358	1.460E-283	858
Q9JWE6	Q9JWE6	1.000	238	0	0	1	238	1	238	2.670E-193	587
Q9JWE6	Q9JXI7	0.991	238	2	0	1	238	1	238	8.297E-192	583
Q9JWE6	A9M0C4	0.987	238	3	0	1	238	1	238	8.102E-190	578
Q5APD4	Q5APD4	1.000	513	0	0	1	513	1	513	0.000E+00	1291
O74198	O74198	1.000	376	0	0	1	376	1	376	9.735E-309	931
Q944H0	Q944H0	1.000	491	0	0	1	491	1	491	0.000E+00	1204
C5D4V7	C5D4V7	1.000	247	0	0	1	247	1	247	1.989E-199	606
Q62M18	Q3JPX1	1.000	232	0	0	1	232	1	232	5.160E-185	563
Q62M18	Q62M18	1.000	232	0	0	1	232	1	232	5.160E-185	563
Q62M18	Q63RZ8	1.000	232	0	0	1	232	1	232	5.160E-185	563
G0FUS0	G0FUS0	1.000	272	0	0	1	272	1	272	2.889E-216	657
P0A9H7	P0A9H7	1.000	382	0	0	1	382	1	382	2.338E-316	953
P0A9H7	P0A9H8	1.000	382	0	0	1	382	1	382	2.338E-316	953
Q22993	Q22993	1.000	437	0	0	1	437	1	437	0.000E+00	1055
H2E7U0	H2E7U0	1.000	392	0	0	1	392	1	392	4.249E-322	971
A9AWD7	A9AWD7	1.000	283	0	0	1	283	1	283	6.284E-226	685
O82427	O82427	1.000	363	0	0	1	363	1	363	2.259E-296	895
Q4W9V1	Q4W9V1	1.000	377	0	0	1	377	1	377	5.435E-313	943
Q9LM02	Q9LM02	1.000	336	0	0	1	336	1	336	1.144E-276	835
Q94JS4	Q94JS4	1.000	359	0	0	1	359	1	359	1.316E-294	889
Q96WX4	Q96WX4	1.000	377	0	0	1	377	1	377	1.063E-305	923
C3MTW8	C3MJI5	1.000	199	0	0	1	199	1	199	7.041E-151	463
C3MTW8	C3MTW8	1.000	199	0	0	1	199	1	199	7.041E-151	463
C3MTW8	C3N0H8	1.000	199	0	0	1	199	1	199	7.041E-151	463
C3MTW8	C3N8G6	1.000	199	0	0	1	199	1	199	7.041E-151	463
C3MTW8	C4KJM8	1.000	199	0	0	1	199	1	199	7.041E-151	463
C3MTW8	C3NJQ5	0.994	199	1	0	1	199	1	199	3.240E-150	461
C3MTW8	Q97WC7	0.909	198	18	0	1	198	1	198	1.858E-138	428
L7IP31	L7IP31	1.000	390	0	0	1	390	1	390	6.447E-315	951
L7IP31	P0CT10	1.000	390	0	0	1	390	1	390	6.447E-315	951
Q79FX6	A5U029	1.000	287	0	0	1	287	1	287	1.134E-231	702
Q79FX6	Q79FX6	1.000	287	0	0	1	287	1	287	1.134E-231	702
Q79FX6	Q7U1J9	0.996	287	1	0	1	287	1	287	1.640E-230	699
P9WPB6	P9WPB6	1.000	287	0	0	1	287	1	287	1.134E-231	702
P9WPB6	A5U866	0.996	287	1	0	1	287	1	287	2.402E-230	698
P9WPB6	P9WPB7	0.996	287	1	0	1	287	1	287	2.402E-230	698
Q4UME7	Q4UME7	1.000	244	0	0	1	244	1	244	5.929E-195	593
Q4UME7	A8EY40	0.902	236	23	0	1	236	1	236	1.845E-168	519
H2E7T5	H2E7T5	1.000	378	0	0	1	378	1	378	1.918E-311	939
Q9C6B9	Q9C6B9	1.000	490	0	0	1	490	1	490	0.000E+00	1209
B2S828	A5VSK3	1.000	248	0	0	1	248	1	248	6.853E-196	596
B2S828	A9M8K8	1.000	248	0	0	1	248	1	248	6.853E-196	596
B2S828	B0CIC6	1.000	248	0	0	1	248	1	248	6.853E-196	596
B2S828	B2S828	1.000	248	0	0	1	248	1	248	6.853E-196	596
B2S828	Q2YLN5	1.000	248	0	0	1	248	1	248	6.853E-196	596
B2S828	Q8FYK0	1.000	248	0	0	1	248	1	248	6.853E-196	596
B2S828	C0RFB8	0.995	248	1	0	1	248	1	248	3.154E-195	594
B2S828	Q8YJ98	0.995	248	1	0	1	248	1	248	3.154E-195	594
Q79FX8	A5U027	1.000	301	0	0	1	301	1	301	2.609E-245	742
Q79FX8	Q79FX8	1.000	301	0	0	1	301	1	301	2.609E-245	742
Q79FX8	Q7U1K1	0.996	301	1	0	1	301	1	301	2.577E-244	740
Q83WC3	Q83WC3	1.000	277	0	0	1	277	1	277	9.564E-230	695
Q9FR44	Q9FR44	1.000	491	0	0	1	491	1	491	0.000E+00	1204
O69687	O69687	1.000	427	0	0	1	427	1	427	0.000E+00	1056
C3NJQ5	C3NJQ5	1.000	199	0	0	1	199	1	199	1.031E-150	462
C3NJQ5	C3MJI5	0.994	199	1	0	1	199	1	199	3.240E-150	461
C3NJQ5	C3MTW8	0.994	199	1	0	1	199	1	199	3.240E-150	461
C3NJQ5	C3N0H8	0.994	199	1	0	1	199	1	199	3.240E-150	461
C3NJQ5	C3N8G6	0.994	199	1	0	1	199	1	199	3.240E-150	461
C3NJQ5	C4KJM8	0.994	199	1	0	1	199	1	199	3.240E-150	461
C3NJQ5	Q97WC7	0.909	198	18	0	1	198	1	198	8.670E-139	429
A8GGX8	A8GGX8	1.000	241	0	0	1	241	1	241	1.295E-196	597
Q5GZB5	B2SHS9	1.000	239	0	0	1	239	1	239	8.987E-188	572
Q5GZB5	Q2P2C4	1.000	239	0	0	1	239	1	239	8.987E-188	572
Q5GZB5	Q5GZB5	1.000	239	0	0	1	239	1	239	8.987E-188	572
Q5GZB5	Q3BSF8	0.941	239	14	0	1	239	1	239	7.604E-176	539
Q5GZB5	B0RS27	0.912	239	21	0	1	239	1	239	6.908E-170	522
Q5GZB5	Q4UVL4	0.912	239	21	0	1	239	1	239	6.908E-170	522
Q5GZB5	Q8P8H2	0.912	239	21	0	1	239	1	239	6.908E-170	522
P0A5P1	P0A5P1	1.000	302	0	0	1	302	1	302	6.610E-248	750
P0A5P1	P9WPB4	1.000	302	0	0	1	302	1	302	6.610E-248	750
P0A5P1	P9WPB5	1.000	302	0	0	1	302	1	302	6.610E-248	750
A0A0E0SMA3	A0A0E0SMA3	1.000	380	0	0	1	380	1	380	3.537E-309	933
A5U027	A5U027	1.000	301	0	0	1	301	1	301	2.609E-245	742
A5U027	Q79FX8	1.000	301	0	0	1	301	1	301	2.609E-245	742
A5U027	Q7U1K1	0.996	301	1	0	1	301	1	301	2.577E-244	740
H2E7T6	H2E7T6	1.000	378	0	0	1	378	1	378	1.293E-310	937
P25087	P25087	1.000	383	0	0	1	383	1	383	1.161E-311	940
Q7XB08	Q7XB08	1.000	351	0	0	1	351	1	351	5.806E-282	852
Q6C2D9	Q6C2D9	1.000	381	0	0	1	381	1	381	1.315E-311	940
A0A1C9U5X7	A0A1C9U5X7	1.000	356	0	0	1	356	1	356	3.452E-281	851
B0VMN8	B0VMN8	1.000	237	0	0	1	237	1	237	3.397E-192	584
B0VMN8	B2I023	0.995	237	1	0	1	237	1	237	4.977E-192	584
B0VMN8	B0V5X4	0.995	236	1	0	1	236	1	236	2.292E-191	582
B0VMN8	B7H2Y9	0.995	236	1	0	1	236	1	236	2.292E-191	582
B0VMN8	B7IBN2	0.995	236	1	0	1	236	1	236	2.292E-191	582
B0VMN8	Q6FFY1	0.927	236	17	0	1	236	1	236	2.879E-179	548
A7Z722	A7Z722	1.000	213	0	0	1	213	1	213	2.491E-169	516
P31049	P31049	1.000	394	0	0	1	394	1	394	4.941E-324	977
