B5YXE4	A1AHS0	1.000	207	0	0	1	207	1	207	2.366E-163	498
B5YXE4	A8A6K3	1.000	207	0	0	1	207	1	207	2.366E-163	498
B5YXE4	B1IWZ8	1.000	207	0	0	1	207	1	207	2.366E-163	498
B5YXE4	B1X9W8	1.000	207	0	0	1	207	1	207	2.366E-163	498
B5YXE4	B2TUN5	1.000	207	0	0	1	207	1	207	2.366E-163	498
B5YXE4	B5YXE4	1.000	207	0	0	1	207	1	207	2.366E-163	498
B5YXE4	B6I3X7	1.000	207	0	0	1	207	1	207	2.366E-163	498
B5YXE4	B7L890	1.000	207	0	0	1	207	1	207	2.366E-163	498
B5YXE4	B7M596	1.000	207	0	0	1	207	1	207	2.366E-163	498
B5YXE4	B7MGG0	1.000	207	0	0	1	207	1	207	2.366E-163	498
B5YXE4	B7N2H9	1.000	207	0	0	1	207	1	207	2.366E-163	498
B5YXE4	B7UMK5	1.000	207	0	0	1	207	1	207	2.366E-163	498
B5YXE4	C4ZZ18	1.000	207	0	0	1	207	1	207	2.366E-163	498
B5YXE4	P0A6U5	1.000	207	0	0	1	207	1	207	2.366E-163	498
B5YXE4	P0A6U6	1.000	207	0	0	1	207	1	207	2.366E-163	498
B5YXE4	P0A6U7	1.000	207	0	0	1	207	1	207	2.366E-163	498
B5YXE4	Q0SYT6	1.000	207	0	0	1	207	1	207	2.366E-163	498
B5YXE4	Q0TAW9	1.000	207	0	0	1	207	1	207	2.366E-163	498
B5YXE4	Q1R4J2	1.000	207	0	0	1	207	1	207	2.366E-163	498
B5YXE4	Q31UN9	1.000	207	0	0	1	207	1	207	2.366E-163	498
B5YXE4	Q3YVP4	1.000	207	0	0	1	207	1	207	2.366E-163	498
B5YXE4	Q83PJ7	0.995	207	1	0	1	207	1	207	1.089E-162	496
B5YXE4	B1LL67	0.990	207	2	0	1	207	1	207	5.017E-162	494
B5YXE4	B7NR42	0.990	207	2	0	1	207	1	207	5.017E-162	494
B5YXE4	B7NF56	0.990	207	2	0	1	207	1	207	7.349E-162	493
B5YXE4	Q329S9	0.990	207	2	0	1	207	1	207	4.956E-161	491
B5YXE4	B7LK85	0.903	207	20	0	1	207	1	207	9.013E-149	457
C3LSJ9	C3LSJ9	1.000	210	0	0	1	210	1	210	1.660E-165	504
C3LSJ9	Q9KNG5	1.000	210	0	0	1	210	1	210	1.660E-165	504
C3LSJ9	A5F469	0.995	210	1	0	1	210	1	210	3.563E-165	503
A6T481	A6T481	1.000	220	0	0	1	220	1	220	1.347E-168	514
B6I3X7	A1AHS0	1.000	207	0	0	1	207	1	207	2.366E-163	498
B6I3X7	A8A6K3	1.000	207	0	0	1	207	1	207	2.366E-163	498
B6I3X7	B1IWZ8	1.000	207	0	0	1	207	1	207	2.366E-163	498
B6I3X7	B1X9W8	1.000	207	0	0	1	207	1	207	2.366E-163	498
B6I3X7	B2TUN5	1.000	207	0	0	1	207	1	207	2.366E-163	498
B6I3X7	B5YXE4	1.000	207	0	0	1	207	1	207	2.366E-163	498
B6I3X7	B6I3X7	1.000	207	0	0	1	207	1	207	2.366E-163	498
B6I3X7	B7L890	1.000	207	0	0	1	207	1	207	2.366E-163	498
B6I3X7	B7M596	1.000	207	0	0	1	207	1	207	2.366E-163	498
B6I3X7	B7MGG0	1.000	207	0	0	1	207	1	207	2.366E-163	498
B6I3X7	B7N2H9	1.000	207	0	0	1	207	1	207	2.366E-163	498
B6I3X7	B7UMK5	1.000	207	0	0	1	207	1	207	2.366E-163	498
B6I3X7	C4ZZ18	1.000	207	0	0	1	207	1	207	2.366E-163	498
B6I3X7	P0A6U5	1.000	207	0	0	1	207	1	207	2.366E-163	498
B6I3X7	P0A6U6	1.000	207	0	0	1	207	1	207	2.366E-163	498
B6I3X7	P0A6U7	1.000	207	0	0	1	207	1	207	2.366E-163	498
B6I3X7	Q0SYT6	1.000	207	0	0	1	207	1	207	2.366E-163	498
B6I3X7	Q0TAW9	1.000	207	0	0	1	207	1	207	2.366E-163	498
B6I3X7	Q1R4J2	1.000	207	0	0	1	207	1	207	2.366E-163	498
B6I3X7	Q31UN9	1.000	207	0	0	1	207	1	207	2.366E-163	498
B6I3X7	Q3YVP4	1.000	207	0	0	1	207	1	207	2.366E-163	498
B6I3X7	Q83PJ7	0.995	207	1	0	1	207	1	207	1.089E-162	496
B6I3X7	B1LL67	0.990	207	2	0	1	207	1	207	5.017E-162	494
B6I3X7	B7NR42	0.990	207	2	0	1	207	1	207	5.017E-162	494
B6I3X7	B7NF56	0.990	207	2	0	1	207	1	207	7.349E-162	493
B6I3X7	Q329S9	0.990	207	2	0	1	207	1	207	4.956E-161	491
B6I3X7	B7LK85	0.903	207	20	0	1	207	1	207	9.013E-149	457
B2TUN5	A1AHS0	1.000	207	0	0	1	207	1	207	2.366E-163	498
B2TUN5	A8A6K3	1.000	207	0	0	1	207	1	207	2.366E-163	498
B2TUN5	B1IWZ8	1.000	207	0	0	1	207	1	207	2.366E-163	498
B2TUN5	B1X9W8	1.000	207	0	0	1	207	1	207	2.366E-163	498
B2TUN5	B2TUN5	1.000	207	0	0	1	207	1	207	2.366E-163	498
B2TUN5	B5YXE4	1.000	207	0	0	1	207	1	207	2.366E-163	498
B2TUN5	B6I3X7	1.000	207	0	0	1	207	1	207	2.366E-163	498
B2TUN5	B7L890	1.000	207	0	0	1	207	1	207	2.366E-163	498
B2TUN5	B7M596	1.000	207	0	0	1	207	1	207	2.366E-163	498
B2TUN5	B7MGG0	1.000	207	0	0	1	207	1	207	2.366E-163	498
B2TUN5	B7N2H9	1.000	207	0	0	1	207	1	207	2.366E-163	498
B2TUN5	B7UMK5	1.000	207	0	0	1	207	1	207	2.366E-163	498
B2TUN5	C4ZZ18	1.000	207	0	0	1	207	1	207	2.366E-163	498
B2TUN5	P0A6U5	1.000	207	0	0	1	207	1	207	2.366E-163	498
B2TUN5	P0A6U6	1.000	207	0	0	1	207	1	207	2.366E-163	498
B2TUN5	P0A6U7	1.000	207	0	0	1	207	1	207	2.366E-163	498
B2TUN5	Q0SYT6	1.000	207	0	0	1	207	1	207	2.366E-163	498
B2TUN5	Q0TAW9	1.000	207	0	0	1	207	1	207	2.366E-163	498
B2TUN5	Q1R4J2	1.000	207	0	0	1	207	1	207	2.366E-163	498
B2TUN5	Q31UN9	1.000	207	0	0	1	207	1	207	2.366E-163	498
B2TUN5	Q3YVP4	1.000	207	0	0	1	207	1	207	2.366E-163	498
B2TUN5	Q83PJ7	0.995	207	1	0	1	207	1	207	1.089E-162	496
B2TUN5	B1LL67	0.990	207	2	0	1	207	1	207	5.017E-162	494
B2TUN5	B7NR42	0.990	207	2	0	1	207	1	207	5.017E-162	494
B2TUN5	B7NF56	0.990	207	2	0	1	207	1	207	7.349E-162	493
B2TUN5	Q329S9	0.990	207	2	0	1	207	1	207	4.956E-161	491
B2TUN5	B7LK85	0.903	207	20	0	1	207	1	207	9.013E-149	457
Q0SYT6	A1AHS0	1.000	207	0	0	1	207	1	207	2.366E-163	498
Q0SYT6	A8A6K3	1.000	207	0	0	1	207	1	207	2.366E-163	498
Q0SYT6	B1IWZ8	1.000	207	0	0	1	207	1	207	2.366E-163	498
Q0SYT6	B1X9W8	1.000	207	0	0	1	207	1	207	2.366E-163	498
Q0SYT6	B2TUN5	1.000	207	0	0	1	207	1	207	2.366E-163	498
Q0SYT6	B5YXE4	1.000	207	0	0	1	207	1	207	2.366E-163	498
Q0SYT6	B6I3X7	1.000	207	0	0	1	207	1	207	2.366E-163	498
Q0SYT6	B7L890	1.000	207	0	0	1	207	1	207	2.366E-163	498
Q0SYT6	B7M596	1.000	207	0	0	1	207	1	207	2.366E-163	498
Q0SYT6	B7MGG0	1.000	207	0	0	1	207	1	207	2.366E-163	498
Q0SYT6	B7N2H9	1.000	207	0	0	1	207	1	207	2.366E-163	498
Q0SYT6	B7UMK5	1.000	207	0	0	1	207	1	207	2.366E-163	498
Q0SYT6	C4ZZ18	1.000	207	0	0	1	207	1	207	2.366E-163	498
Q0SYT6	P0A6U5	1.000	207	0	0	1	207	1	207	2.366E-163	498
Q0SYT6	P0A6U6	1.000	207	0	0	1	207	1	207	2.366E-163	498
Q0SYT6	P0A6U7	1.000	207	0	0	1	207	1	207	2.366E-163	498
Q0SYT6	Q0SYT6	1.000	207	0	0	1	207	1	207	2.366E-163	498
Q0SYT6	Q0TAW9	1.000	207	0	0	1	207	1	207	2.366E-163	498
Q0SYT6	Q1R4J2	1.000	207	0	0	1	207	1	207	2.366E-163	498
Q0SYT6	Q31UN9	1.000	207	0	0	1	207	1	207	2.366E-163	498
Q0SYT6	Q3YVP4	1.000	207	0	0	1	207	1	207	2.366E-163	498
Q0SYT6	Q83PJ7	0.995	207	1	0	1	207	1	207	1.089E-162	496
Q0SYT6	B1LL67	0.990	207	2	0	1	207	1	207	5.017E-162	494
Q0SYT6	B7NR42	0.990	207	2	0	1	207	1	207	5.017E-162	494
Q0SYT6	B7NF56	0.990	207	2	0	1	207	1	207	7.349E-162	493
Q0SYT6	Q329S9	0.990	207	2	0	1	207	1	207	4.956E-161	491
Q0SYT6	B7LK85	0.903	207	20	0	1	207	1	207	9.013E-149	457
Q0I5W5	Q0I5W5	1.000	212	0	0	1	212	1	212	2.120E-164	501
Q0I5W5	B0UWH2	0.990	212	2	0	1	212	1	212	2.093E-163	498
B7NR42	B1LL67	1.000	207	0	0	1	207	1	207	5.136E-164	499
B7NR42	B7NR42	1.000	207	0	0	1	207	1	207	5.136E-164	499
B7NR42	A1AHS0	0.990	207	2	0	1	207	1	207	5.017E-162	494
B7NR42	A8A6K3	0.990	207	2	0	1	207	1	207	5.017E-162	494
B7NR42	B1IWZ8	0.990	207	2	0	1	207	1	207	5.017E-162	494
B7NR42	B1X9W8	0.990	207	2	0	1	207	1	207	5.017E-162	494
B7NR42	B2TUN5	0.990	207	2	0	1	207	1	207	5.017E-162	494
B7NR42	B5YXE4	0.990	207	2	0	1	207	1	207	5.017E-162	494
B7NR42	B6I3X7	0.990	207	2	0	1	207	1	207	5.017E-162	494
B7NR42	B7L890	0.990	207	2	0	1	207	1	207	5.017E-162	494
B7NR42	B7M596	0.990	207	2	0	1	207	1	207	5.017E-162	494
B7NR42	B7MGG0	0.990	207	2	0	1	207	1	207	5.017E-162	494
B7NR42	B7N2H9	0.990	207	2	0	1	207	1	207	5.017E-162	494
B7NR42	B7UMK5	0.990	207	2	0	1	207	1	207	5.017E-162	494
B7NR42	C4ZZ18	0.990	207	2	0	1	207	1	207	5.017E-162	494
B7NR42	P0A6U5	0.990	207	2	0	1	207	1	207	5.017E-162	494
B7NR42	P0A6U6	0.990	207	2	0	1	207	1	207	5.017E-162	494
B7NR42	P0A6U7	0.990	207	2	0	1	207	1	207	5.017E-162	494
B7NR42	Q0SYT6	0.990	207	2	0	1	207	1	207	5.017E-162	494
B7NR42	Q0TAW9	0.990	207	2	0	1	207	1	207	5.017E-162	494
B7NR42	Q1R4J2	0.990	207	2	0	1	207	1	207	5.017E-162	494
B7NR42	Q31UN9	0.990	207	2	0	1	207	1	207	5.017E-162	494
B7NR42	Q3YVP4	0.990	207	2	0	1	207	1	207	5.017E-162	494
B7NR42	Q83PJ7	0.985	207	3	0	1	207	1	207	2.310E-161	492
B7NR42	B7NF56	0.980	207	4	0	1	207	1	207	1.558E-160	490
B7NR42	Q329S9	0.980	207	4	0	1	207	1	207	1.050E-159	487
B7NR42	B7LK85	0.903	207	20	0	1	207	1	207	1.340E-149	459
B1LL67	B1LL67	1.000	207	0	0	1	207	1	207	5.136E-164	499
B1LL67	B7NR42	1.000	207	0	0	1	207	1	207	5.136E-164	499
B1LL67	A1AHS0	0.990	207	2	0	1	207	1	207	5.017E-162	494
B1LL67	A8A6K3	0.990	207	2	0	1	207	1	207	5.017E-162	494
B1LL67	B1IWZ8	0.990	207	2	0	1	207	1	207	5.017E-162	494
B1LL67	B1X9W8	0.990	207	2	0	1	207	1	207	5.017E-162	494
B1LL67	B2TUN5	0.990	207	2	0	1	207	1	207	5.017E-162	494
B1LL67	B5YXE4	0.990	207	2	0	1	207	1	207	5.017E-162	494
B1LL67	B6I3X7	0.990	207	2	0	1	207	1	207	5.017E-162	494
B1LL67	B7L890	0.990	207	2	0	1	207	1	207	5.017E-162	494
B1LL67	B7M596	0.990	207	2	0	1	207	1	207	5.017E-162	494
B1LL67	B7MGG0	0.990	207	2	0	1	207	1	207	5.017E-162	494
B1LL67	B7N2H9	0.990	207	2	0	1	207	1	207	5.017E-162	494
B1LL67	B7UMK5	0.990	207	2	0	1	207	1	207	5.017E-162	494
B1LL67	C4ZZ18	0.990	207	2	0	1	207	1	207	5.017E-162	494
B1LL67	P0A6U5	0.990	207	2	0	1	207	1	207	5.017E-162	494
B1LL67	P0A6U6	0.990	207	2	0	1	207	1	207	5.017E-162	494
B1LL67	P0A6U7	0.990	207	2	0	1	207	1	207	5.017E-162	494
B1LL67	Q0SYT6	0.990	207	2	0	1	207	1	207	5.017E-162	494
B1LL67	Q0TAW9	0.990	207	2	0	1	207	1	207	5.017E-162	494
B1LL67	Q1R4J2	0.990	207	2	0	1	207	1	207	5.017E-162	494
B1LL67	Q31UN9	0.990	207	2	0	1	207	1	207	5.017E-162	494
B1LL67	Q3YVP4	0.990	207	2	0	1	207	1	207	5.017E-162	494
B1LL67	Q83PJ7	0.985	207	3	0	1	207	1	207	2.310E-161	492
B1LL67	B7NF56	0.980	207	4	0	1	207	1	207	1.558E-160	490
B1LL67	Q329S9	0.980	207	4	0	1	207	1	207	1.050E-159	487
B1LL67	B7LK85	0.903	207	20	0	1	207	1	207	1.340E-149	459
Q87K99	Q87K99	1.000	211	0	0	1	211	1	211	8.903E-167	508
Q87K99	A7N0X5	0.938	211	13	0	1	211	1	211	3.598E-156	478
Q65Q00	Q65Q00	1.000	213	0	0	1	213	1	213	1.666E-165	504
A7FPE8	A4TSI5	1.000	206	0	0	1	206	1	206	2.056E-162	495
A7FPE8	A7FPE8	1.000	206	0	0	1	206	1	206	2.056E-162	495
A7FPE8	A9R5U7	1.000	206	0	0	1	206	1	206	2.056E-162	495
A7FPE8	B2K7J3	1.000	206	0	0	1	206	1	206	2.056E-162	495
A7FPE8	Q1C087	1.000	206	0	0	1	206	1	206	2.056E-162	495
A7FPE8	Q1CCG7	1.000	206	0	0	1	206	1	206	2.056E-162	495
A7FPE8	Q663Q0	1.000	206	0	0	1	206	1	206	2.056E-162	495
A7FPE8	Q8Z9R9	1.000	206	0	0	1	206	1	206	2.056E-162	495
A7FPE8	B1JR33	0.995	206	1	0	1	206	1	206	9.354E-161	490
A7FPE8	A1JTD7	0.917	206	17	0	1	206	1	206	3.765E-150	460
Q8Z9R9	A4TSI5	1.000	206	0	0	1	206	1	206	2.056E-162	495
Q8Z9R9	A7FPE8	1.000	206	0	0	1	206	1	206	2.056E-162	495
Q8Z9R9	A9R5U7	1.000	206	0	0	1	206	1	206	2.056E-162	495
Q8Z9R9	B2K7J3	1.000	206	0	0	1	206	1	206	2.056E-162	495
Q8Z9R9	Q1C087	1.000	206	0	0	1	206	1	206	2.056E-162	495
Q8Z9R9	Q1CCG7	1.000	206	0	0	1	206	1	206	2.056E-162	495
Q8Z9R9	Q663Q0	1.000	206	0	0	1	206	1	206	2.056E-162	495
Q8Z9R9	Q8Z9R9	1.000	206	0	0	1	206	1	206	2.056E-162	495
Q8Z9R9	B1JR33	0.995	206	1	0	1	206	1	206	9.354E-161	490
Q8Z9R9	A1JTD7	0.917	206	17	0	1	206	1	206	3.765E-150	460
C5BF32	C5BF32	1.000	206	0	0	1	206	1	206	2.032E-161	492
A5F469	A5F469	1.000	210	0	0	1	210	1	210	1.660E-165	504
A5F469	C3LSJ9	0.995	210	1	0	1	210	1	210	3.563E-165	503
A5F469	Q9KNG5	0.995	210	1	0	1	210	1	210	3.563E-165	503
A9MJR0	A9MJR0	1.000	207	0	0	1	207	1	207	1.089E-162	496
A1JTD7	A1JTD7	1.000	206	0	0	1	206	1	206	6.463E-162	493
A1JTD7	A4TSI5	0.917	206	17	0	1	206	1	206	3.765E-150	460
A1JTD7	A7FPE8	0.917	206	17	0	1	206	1	206	3.765E-150	460
A1JTD7	A9R5U7	0.917	206	17	0	1	206	1	206	3.765E-150	460
A1JTD7	B2K7J3	0.917	206	17	0	1	206	1	206	3.765E-150	460
A1JTD7	Q1C087	0.917	206	17	0	1	206	1	206	3.765E-150	460
A1JTD7	Q1CCG7	0.917	206	17	0	1	206	1	206	3.765E-150	460
A1JTD7	Q663Q0	0.917	206	17	0	1	206	1	206	3.765E-150	460
A1JTD7	Q8Z9R9	0.917	206	17	0	1	206	1	206	3.765E-150	460
A1JTD7	B1JR33	0.912	206	18	0	1	206	1	206	1.704E-148	456
Q3IK40	Q3IK40	1.000	206	0	0	1	206	1	206	2.976E-161	491
A4WGE7	A4WGE7	1.000	207	0	0	1	207	1	207	1.634E-164	501
A7MMW2	A7MMW2	1.000	207	0	0	1	207	1	207	2.393E-164	500
A1AHS0	A1AHS0	1.000	207	0	0	1	207	1	207	2.366E-163	498
A1AHS0	A8A6K3	1.000	207	0	0	1	207	1	207	2.366E-163	498
A1AHS0	B1IWZ8	1.000	207	0	0	1	207	1	207	2.366E-163	498
A1AHS0	B1X9W8	1.000	207	0	0	1	207	1	207	2.366E-163	498
A1AHS0	B2TUN5	1.000	207	0	0	1	207	1	207	2.366E-163	498
A1AHS0	B5YXE4	1.000	207	0	0	1	207	1	207	2.366E-163	498
A1AHS0	B6I3X7	1.000	207	0	0	1	207	1	207	2.366E-163	498
A1AHS0	B7L890	1.000	207	0	0	1	207	1	207	2.366E-163	498
A1AHS0	B7M596	1.000	207	0	0	1	207	1	207	2.366E-163	498
A1AHS0	B7MGG0	1.000	207	0	0	1	207	1	207	2.366E-163	498
A1AHS0	B7N2H9	1.000	207	0	0	1	207	1	207	2.366E-163	498
A1AHS0	B7UMK5	1.000	207	0	0	1	207	1	207	2.366E-163	498
A1AHS0	C4ZZ18	1.000	207	0	0	1	207	1	207	2.366E-163	498
A1AHS0	P0A6U5	1.000	207	0	0	1	207	1	207	2.366E-163	498
A1AHS0	P0A6U6	1.000	207	0	0	1	207	1	207	2.366E-163	498
A1AHS0	P0A6U7	1.000	207	0	0	1	207	1	207	2.366E-163	498
A1AHS0	Q0SYT6	1.000	207	0	0	1	207	1	207	2.366E-163	498
A1AHS0	Q0TAW9	1.000	207	0	0	1	207	1	207	2.366E-163	498
A1AHS0	Q1R4J2	1.000	207	0	0	1	207	1	207	2.366E-163	498
A1AHS0	Q31UN9	1.000	207	0	0	1	207	1	207	2.366E-163	498
A1AHS0	Q3YVP4	1.000	207	0	0	1	207	1	207	2.366E-163	498
A1AHS0	Q83PJ7	0.995	207	1	0	1	207	1	207	1.089E-162	496
A1AHS0	B1LL67	0.990	207	2	0	1	207	1	207	5.017E-162	494
A1AHS0	B7NR42	0.990	207	2	0	1	207	1	207	5.017E-162	494
A1AHS0	B7NF56	0.990	207	2	0	1	207	1	207	7.349E-162	493
A1AHS0	Q329S9	0.990	207	2	0	1	207	1	207	4.956E-161	491
A1AHS0	B7LK85	0.903	207	20	0	1	207	1	207	9.013E-149	457
P0A6U7	A1AHS0	1.000	207	0	0	1	207	1	207	2.366E-163	498
P0A6U7	A8A6K3	1.000	207	0	0	1	207	1	207	2.366E-163	498
P0A6U7	B1IWZ8	1.000	207	0	0	1	207	1	207	2.366E-163	498
P0A6U7	B1X9W8	1.000	207	0	0	1	207	1	207	2.366E-163	498
P0A6U7	B2TUN5	1.000	207	0	0	1	207	1	207	2.366E-163	498
P0A6U7	B5YXE4	1.000	207	0	0	1	207	1	207	2.366E-163	498
P0A6U7	B6I3X7	1.000	207	0	0	1	207	1	207	2.366E-163	498
P0A6U7	B7L890	1.000	207	0	0	1	207	1	207	2.366E-163	498
P0A6U7	B7M596	1.000	207	0	0	1	207	1	207	2.366E-163	498
P0A6U7	B7MGG0	1.000	207	0	0	1	207	1	207	2.366E-163	498
P0A6U7	B7N2H9	1.000	207	0	0	1	207	1	207	2.366E-163	498
P0A6U7	B7UMK5	1.000	207	0	0	1	207	1	207	2.366E-163	498
P0A6U7	C4ZZ18	1.000	207	0	0	1	207	1	207	2.366E-163	498
P0A6U7	P0A6U5	1.000	207	0	0	1	207	1	207	2.366E-163	498
P0A6U7	P0A6U6	1.000	207	0	0	1	207	1	207	2.366E-163	498
P0A6U7	P0A6U7	1.000	207	0	0	1	207	1	207	2.366E-163	498
P0A6U7	Q0SYT6	1.000	207	0	0	1	207	1	207	2.366E-163	498
P0A6U7	Q0TAW9	1.000	207	0	0	1	207	1	207	2.366E-163	498
P0A6U7	Q1R4J2	1.000	207	0	0	1	207	1	207	2.366E-163	498
P0A6U7	Q31UN9	1.000	207	0	0	1	207	1	207	2.366E-163	498
P0A6U7	Q3YVP4	1.000	207	0	0	1	207	1	207	2.366E-163	498
P0A6U7	Q83PJ7	0.995	207	1	0	1	207	1	207	1.089E-162	496
P0A6U7	B1LL67	0.990	207	2	0	1	207	1	207	5.017E-162	494
P0A6U7	B7NR42	0.990	207	2	0	1	207	1	207	5.017E-162	494
P0A6U7	B7NF56	0.990	207	2	0	1	207	1	207	7.349E-162	493
P0A6U7	Q329S9	0.990	207	2	0	1	207	1	207	4.956E-161	491
P0A6U7	B7LK85	0.903	207	20	0	1	207	1	207	9.013E-149	457
A4GAI1	A4GAI1	1.000	218	0	0	1	218	1	218	1.044E-168	514
Q5E1M7	Q5E1M7	1.000	210	0	0	1	210	1	210	1.120E-164	502
Q2NQ94	Q2NQ94	1.000	206	0	0	1	206	1	206	2.007E-160	489
C4ZZ18	A1AHS0	1.000	207	0	0	1	207	1	207	2.366E-163	498
C4ZZ18	A8A6K3	1.000	207	0	0	1	207	1	207	2.366E-163	498
C4ZZ18	B1IWZ8	1.000	207	0	0	1	207	1	207	2.366E-163	498
C4ZZ18	B1X9W8	1.000	207	0	0	1	207	1	207	2.366E-163	498
C4ZZ18	B2TUN5	1.000	207	0	0	1	207	1	207	2.366E-163	498
C4ZZ18	B5YXE4	1.000	207	0	0	1	207	1	207	2.366E-163	498
C4ZZ18	B6I3X7	1.000	207	0	0	1	207	1	207	2.366E-163	498
C4ZZ18	B7L890	1.000	207	0	0	1	207	1	207	2.366E-163	498
C4ZZ18	B7M596	1.000	207	0	0	1	207	1	207	2.366E-163	498
C4ZZ18	B7MGG0	1.000	207	0	0	1	207	1	207	2.366E-163	498
C4ZZ18	B7N2H9	1.000	207	0	0	1	207	1	207	2.366E-163	498
C4ZZ18	B7UMK5	1.000	207	0	0	1	207	1	207	2.366E-163	498
C4ZZ18	C4ZZ18	1.000	207	0	0	1	207	1	207	2.366E-163	498
C4ZZ18	P0A6U5	1.000	207	0	0	1	207	1	207	2.366E-163	498
C4ZZ18	P0A6U6	1.000	207	0	0	1	207	1	207	2.366E-163	498
C4ZZ18	P0A6U7	1.000	207	0	0	1	207	1	207	2.366E-163	498
C4ZZ18	Q0SYT6	1.000	207	0	0	1	207	1	207	2.366E-163	498
C4ZZ18	Q0TAW9	1.000	207	0	0	1	207	1	207	2.366E-163	498
C4ZZ18	Q1R4J2	1.000	207	0	0	1	207	1	207	2.366E-163	498
C4ZZ18	Q31UN9	1.000	207	0	0	1	207	1	207	2.366E-163	498
C4ZZ18	Q3YVP4	1.000	207	0	0	1	207	1	207	2.366E-163	498
C4ZZ18	Q83PJ7	0.995	207	1	0	1	207	1	207	1.089E-162	496
C4ZZ18	B1LL67	0.990	207	2	0	1	207	1	207	5.017E-162	494
C4ZZ18	B7NR42	0.990	207	2	0	1	207	1	207	5.017E-162	494
C4ZZ18	B7NF56	0.990	207	2	0	1	207	1	207	7.349E-162	493
C4ZZ18	Q329S9	0.990	207	2	0	1	207	1	207	4.956E-161	491
C4ZZ18	B7LK85	0.903	207	20	0	1	207	1	207	9.013E-149	457
C6DJG4	C6DJG4	1.000	206	0	0	1	206	1	206	3.047E-163	497
C6DJG4	Q6CYI7	0.956	206	9	0	1	206	1	206	6.074E-157	479
A3N2V2	A3N2V2	1.000	205	0	0	1	205	1	205	5.616E-161	491
A3N2V2	B0BRY0	0.995	205	1	0	1	205	1	205	1.191E-159	487
A3N2V2	B3H2Q1	0.995	205	1	0	1	205	1	205	1.191E-159	487
B5XZL6	B5XZL6	1.000	207	0	0	1	207	1	207	3.506E-164	500
B5XZL6	A6TG44	0.966	206	7	0	1	206	1	206	2.196E-157	481
A8A6K3	A1AHS0	1.000	207	0	0	1	207	1	207	2.366E-163	498
A8A6K3	A8A6K3	1.000	207	0	0	1	207	1	207	2.366E-163	498
A8A6K3	B1IWZ8	1.000	207	0	0	1	207	1	207	2.366E-163	498
A8A6K3	B1X9W8	1.000	207	0	0	1	207	1	207	2.366E-163	498
A8A6K3	B2TUN5	1.000	207	0	0	1	207	1	207	2.366E-163	498
A8A6K3	B5YXE4	1.000	207	0	0	1	207	1	207	2.366E-163	498
A8A6K3	B6I3X7	1.000	207	0	0	1	207	1	207	2.366E-163	498
A8A6K3	B7L890	1.000	207	0	0	1	207	1	207	2.366E-163	498
A8A6K3	B7M596	1.000	207	0	0	1	207	1	207	2.366E-163	498
A8A6K3	B7MGG0	1.000	207	0	0	1	207	1	207	2.366E-163	498
A8A6K3	B7N2H9	1.000	207	0	0	1	207	1	207	2.366E-163	498
A8A6K3	B7UMK5	1.000	207	0	0	1	207	1	207	2.366E-163	498
A8A6K3	C4ZZ18	1.000	207	0	0	1	207	1	207	2.366E-163	498
A8A6K3	P0A6U5	1.000	207	0	0	1	207	1	207	2.366E-163	498
A8A6K3	P0A6U6	1.000	207	0	0	1	207	1	207	2.366E-163	498
A8A6K3	P0A6U7	1.000	207	0	0	1	207	1	207	2.366E-163	498
A8A6K3	Q0SYT6	1.000	207	0	0	1	207	1	207	2.366E-163	498
A8A6K3	Q0TAW9	1.000	207	0	0	1	207	1	207	2.366E-163	498
A8A6K3	Q1R4J2	1.000	207	0	0	1	207	1	207	2.366E-163	498
A8A6K3	Q31UN9	1.000	207	0	0	1	207	1	207	2.366E-163	498
A8A6K3	Q3YVP4	1.000	207	0	0	1	207	1	207	2.366E-163	498
A8A6K3	Q83PJ7	0.995	207	1	0	1	207	1	207	1.089E-162	496
A8A6K3	B1LL67	0.990	207	2	0	1	207	1	207	5.017E-162	494
A8A6K3	B7NR42	0.990	207	2	0	1	207	1	207	5.017E-162	494
A8A6K3	B7NF56	0.990	207	2	0	1	207	1	207	7.349E-162	493
A8A6K3	Q329S9	0.990	207	2	0	1	207	1	207	4.956E-161	491
A8A6K3	B7LK85	0.903	207	20	0	1	207	1	207	9.013E-149	457
A6TG44	A6TG44	1.000	207	0	0	1	207	1	207	3.506E-164	500
A6TG44	B5XZL6	0.966	206	7	0	1	206	1	206	2.196E-157	481
B1JR33	B1JR33	1.000	206	0	0	1	206	1	206	6.463E-162	493
B1JR33	A4TSI5	0.995	206	1	0	1	206	1	206	9.354E-161	490
B1JR33	A7FPE8	0.995	206	1	0	1	206	1	206	9.354E-161	490
B1JR33	A9R5U7	0.995	206	1	0	1	206	1	206	9.354E-161	490
B1JR33	B2K7J3	0.995	206	1	0	1	206	1	206	9.354E-161	490
B1JR33	Q1C087	0.995	206	1	0	1	206	1	206	9.354E-161	490
B1JR33	Q1CCG7	0.995	206	1	0	1	206	1	206	9.354E-161	490
B1JR33	Q663Q0	0.995	206	1	0	1	206	1	206	9.354E-161	490
B1JR33	Q8Z9R9	0.995	206	1	0	1	206	1	206	9.354E-161	490
B1JR33	A1JTD7	0.912	206	18	0	1	206	1	206	1.704E-148	456
Q15MT4	Q15MT4	1.000	212	0	0	1	212	1	212	3.183E-166	506
Q6LLF8	Q6LLF8	1.000	206	0	0	1	206	1	206	4.463E-163	497
Q9KNG5	C3LSJ9	1.000	210	0	0	1	210	1	210	1.660E-165	504
Q9KNG5	Q9KNG5	1.000	210	0	0	1	210	1	210	1.660E-165	504
Q9KNG5	A5F469	0.995	210	1	0	1	210	1	210	3.563E-165	503
P0A6U6	A1AHS0	1.000	207	0	0	1	207	1	207	2.366E-163	498
P0A6U6	A8A6K3	1.000	207	0	0	1	207	1	207	2.366E-163	498
P0A6U6	B1IWZ8	1.000	207	0	0	1	207	1	207	2.366E-163	498
P0A6U6	B1X9W8	1.000	207	0	0	1	207	1	207	2.366E-163	498
P0A6U6	B2TUN5	1.000	207	0	0	1	207	1	207	2.366E-163	498
P0A6U6	B5YXE4	1.000	207	0	0	1	207	1	207	2.366E-163	498
P0A6U6	B6I3X7	1.000	207	0	0	1	207	1	207	2.366E-163	498
P0A6U6	B7L890	1.000	207	0	0	1	207	1	207	2.366E-163	498
P0A6U6	B7M596	1.000	207	0	0	1	207	1	207	2.366E-163	498
P0A6U6	B7MGG0	1.000	207	0	0	1	207	1	207	2.366E-163	498
P0A6U6	B7N2H9	1.000	207	0	0	1	207	1	207	2.366E-163	498
P0A6U6	B7UMK5	1.000	207	0	0	1	207	1	207	2.366E-163	498
P0A6U6	C4ZZ18	1.000	207	0	0	1	207	1	207	2.366E-163	498
P0A6U6	P0A6U5	1.000	207	0	0	1	207	1	207	2.366E-163	498
P0A6U6	P0A6U6	1.000	207	0	0	1	207	1	207	2.366E-163	498
P0A6U6	P0A6U7	1.000	207	0	0	1	207	1	207	2.366E-163	498
P0A6U6	Q0SYT6	1.000	207	0	0	1	207	1	207	2.366E-163	498
P0A6U6	Q0TAW9	1.000	207	0	0	1	207	1	207	2.366E-163	498
P0A6U6	Q1R4J2	1.000	207	0	0	1	207	1	207	2.366E-163	498
P0A6U6	Q31UN9	1.000	207	0	0	1	207	1	207	2.366E-163	498
P0A6U6	Q3YVP4	1.000	207	0	0	1	207	1	207	2.366E-163	498
P0A6U6	Q83PJ7	0.995	207	1	0	1	207	1	207	1.089E-162	496
P0A6U6	B1LL67	0.990	207	2	0	1	207	1	207	5.017E-162	494
P0A6U6	B7NR42	0.990	207	2	0	1	207	1	207	5.017E-162	494
P0A6U6	B7NF56	0.990	207	2	0	1	207	1	207	7.349E-162	493
P0A6U6	Q329S9	0.990	207	2	0	1	207	1	207	4.956E-161	491
P0A6U6	B7LK85	0.903	207	20	0	1	207	1	207	9.013E-149	457
Q83PJ7	Q83PJ7	1.000	207	0	0	1	207	1	207	3.465E-163	497
Q83PJ7	A1AHS0	0.995	207	1	0	1	207	1	207	1.089E-162	496
Q83PJ7	A8A6K3	0.995	207	1	0	1	207	1	207	1.089E-162	496
Q83PJ7	B1IWZ8	0.995	207	1	0	1	207	1	207	1.089E-162	496
Q83PJ7	B1X9W8	0.995	207	1	0	1	207	1	207	1.089E-162	496
Q83PJ7	B2TUN5	0.995	207	1	0	1	207	1	207	1.089E-162	496
Q83PJ7	B5YXE4	0.995	207	1	0	1	207	1	207	1.089E-162	496
Q83PJ7	B6I3X7	0.995	207	1	0	1	207	1	207	1.089E-162	496
Q83PJ7	B7L890	0.995	207	1	0	1	207	1	207	1.089E-162	496
Q83PJ7	B7M596	0.995	207	1	0	1	207	1	207	1.089E-162	496
Q83PJ7	B7MGG0	0.995	207	1	0	1	207	1	207	1.089E-162	496
Q83PJ7	B7N2H9	0.995	207	1	0	1	207	1	207	1.089E-162	496
Q83PJ7	B7UMK5	0.995	207	1	0	1	207	1	207	1.089E-162	496
Q83PJ7	C4ZZ18	0.995	207	1	0	1	207	1	207	1.089E-162	496
Q83PJ7	P0A6U5	0.995	207	1	0	1	207	1	207	1.089E-162	496
Q83PJ7	P0A6U6	0.995	207	1	0	1	207	1	207	1.089E-162	496
Q83PJ7	P0A6U7	0.995	207	1	0	1	207	1	207	1.089E-162	496
Q83PJ7	Q0SYT6	0.995	207	1	0	1	207	1	207	1.089E-162	496
Q83PJ7	Q0TAW9	0.995	207	1	0	1	207	1	207	1.089E-162	496
Q83PJ7	Q1R4J2	0.995	207	1	0	1	207	1	207	1.089E-162	496
Q83PJ7	Q31UN9	0.995	207	1	0	1	207	1	207	1.089E-162	496
Q83PJ7	Q3YVP4	0.995	207	1	0	1	207	1	207	1.089E-162	496
Q83PJ7	B1LL67	0.985	207	3	0	1	207	1	207	2.310E-161	492
Q83PJ7	B7NR42	0.985	207	3	0	1	207	1	207	2.310E-161	492
Q83PJ7	B7NF56	0.985	207	3	0	1	207	1	207	3.383E-161	491
Q83PJ7	Q329S9	0.985	207	3	0	1	207	1	207	2.282E-160	489
A4TSI5	A4TSI5	1.000	206	0	0	1	206	1	206	2.056E-162	495
A4TSI5	A7FPE8	1.000	206	0	0	1	206	1	206	2.056E-162	495
A4TSI5	A9R5U7	1.000	206	0	0	1	206	1	206	2.056E-162	495
A4TSI5	B2K7J3	1.000	206	0	0	1	206	1	206	2.056E-162	495
A4TSI5	Q1C087	1.000	206	0	0	1	206	1	206	2.056E-162	495
A4TSI5	Q1CCG7	1.000	206	0	0	1	206	1	206	2.056E-162	495
A4TSI5	Q663Q0	1.000	206	0	0	1	206	1	206	2.056E-162	495
A4TSI5	Q8Z9R9	1.000	206	0	0	1	206	1	206	2.056E-162	495
A4TSI5	B1JR33	0.995	206	1	0	1	206	1	206	9.354E-161	490
A4TSI5	A1JTD7	0.917	206	17	0	1	206	1	206	3.765E-150	460
B7M596	A1AHS0	1.000	207	0	0	1	207	1	207	2.366E-163	498
B7M596	A8A6K3	1.000	207	0	0	1	207	1	207	2.366E-163	498
B7M596	B1IWZ8	1.000	207	0	0	1	207	1	207	2.366E-163	498
B7M596	B1X9W8	1.000	207	0	0	1	207	1	207	2.366E-163	498
B7M596	B2TUN5	1.000	207	0	0	1	207	1	207	2.366E-163	498
B7M596	B5YXE4	1.000	207	0	0	1	207	1	207	2.366E-163	498
B7M596	B6I3X7	1.000	207	0	0	1	207	1	207	2.366E-163	498
B7M596	B7L890	1.000	207	0	0	1	207	1	207	2.366E-163	498
B7M596	B7M596	1.000	207	0	0	1	207	1	207	2.366E-163	498
B7M596	B7MGG0	1.000	207	0	0	1	207	1	207	2.366E-163	498
B7M596	B7N2H9	1.000	207	0	0	1	207	1	207	2.366E-163	498
B7M596	B7UMK5	1.000	207	0	0	1	207	1	207	2.366E-163	498
B7M596	C4ZZ18	1.000	207	0	0	1	207	1	207	2.366E-163	498
B7M596	P0A6U5	1.000	207	0	0	1	207	1	207	2.366E-163	498
B7M596	P0A6U6	1.000	207	0	0	1	207	1	207	2.366E-163	498
B7M596	P0A6U7	1.000	207	0	0	1	207	1	207	2.366E-163	498
B7M596	Q0SYT6	1.000	207	0	0	1	207	1	207	2.366E-163	498
B7M596	Q0TAW9	1.000	207	0	0	1	207	1	207	2.366E-163	498
B7M596	Q1R4J2	1.000	207	0	0	1	207	1	207	2.366E-163	498
B7M596	Q31UN9	1.000	207	0	0	1	207	1	207	2.366E-163	498
B7M596	Q3YVP4	1.000	207	0	0	1	207	1	207	2.366E-163	498
B7M596	Q83PJ7	0.995	207	1	0	1	207	1	207	1.089E-162	496
B7M596	B1LL67	0.990	207	2	0	1	207	1	207	5.017E-162	494
B7M596	B7NR42	0.990	207	2	0	1	207	1	207	5.017E-162	494
B7M596	B7NF56	0.990	207	2	0	1	207	1	207	7.349E-162	493
B7M596	Q329S9	0.990	207	2	0	1	207	1	207	4.956E-161	491
B7M596	B7LK85	0.903	207	20	0	1	207	1	207	9.013E-149	457
Q7NA87	Q7NA87	1.000	206	0	0	1	206	1	206	9.354E-161	490
Q31UN9	A1AHS0	1.000	207	0	0	1	207	1	207	2.366E-163	498
Q31UN9	A8A6K3	1.000	207	0	0	1	207	1	207	2.366E-163	498
Q31UN9	B1IWZ8	1.000	207	0	0	1	207	1	207	2.366E-163	498
Q31UN9	B1X9W8	1.000	207	0	0	1	207	1	207	2.366E-163	498
Q31UN9	B2TUN5	1.000	207	0	0	1	207	1	207	2.366E-163	498
Q31UN9	B5YXE4	1.000	207	0	0	1	207	1	207	2.366E-163	498
Q31UN9	B6I3X7	1.000	207	0	0	1	207	1	207	2.366E-163	498
Q31UN9	B7L890	1.000	207	0	0	1	207	1	207	2.366E-163	498
Q31UN9	B7M596	1.000	207	0	0	1	207	1	207	2.366E-163	498
Q31UN9	B7MGG0	1.000	207	0	0	1	207	1	207	2.366E-163	498
Q31UN9	B7N2H9	1.000	207	0	0	1	207	1	207	2.366E-163	498
Q31UN9	B7UMK5	1.000	207	0	0	1	207	1	207	2.366E-163	498
Q31UN9	C4ZZ18	1.000	207	0	0	1	207	1	207	2.366E-163	498
Q31UN9	P0A6U5	1.000	207	0	0	1	207	1	207	2.366E-163	498
Q31UN9	P0A6U6	1.000	207	0	0	1	207	1	207	2.366E-163	498
Q31UN9	P0A6U7	1.000	207	0	0	1	207	1	207	2.366E-163	498
Q31UN9	Q0SYT6	1.000	207	0	0	1	207	1	207	2.366E-163	498
Q31UN9	Q0TAW9	1.000	207	0	0	1	207	1	207	2.366E-163	498
Q31UN9	Q1R4J2	1.000	207	0	0	1	207	1	207	2.366E-163	498
Q31UN9	Q31UN9	1.000	207	0	0	1	207	1	207	2.366E-163	498
Q31UN9	Q3YVP4	1.000	207	0	0	1	207	1	207	2.366E-163	498
Q31UN9	Q83PJ7	0.995	207	1	0	1	207	1	207	1.089E-162	496
Q31UN9	B1LL67	0.990	207	2	0	1	207	1	207	5.017E-162	494
Q31UN9	B7NR42	0.990	207	2	0	1	207	1	207	5.017E-162	494
Q31UN9	B7NF56	0.990	207	2	0	1	207	1	207	7.349E-162	493
Q31UN9	Q329S9	0.990	207	2	0	1	207	1	207	4.956E-161	491
Q31UN9	B7LK85	0.903	207	20	0	1	207	1	207	9.013E-149	457
Q1R4J2	A1AHS0	1.000	207	0	0	1	207	1	207	2.366E-163	498
Q1R4J2	A8A6K3	1.000	207	0	0	1	207	1	207	2.366E-163	498
Q1R4J2	B1IWZ8	1.000	207	0	0	1	207	1	207	2.366E-163	498
Q1R4J2	B1X9W8	1.000	207	0	0	1	207	1	207	2.366E-163	498
Q1R4J2	B2TUN5	1.000	207	0	0	1	207	1	207	2.366E-163	498
Q1R4J2	B5YXE4	1.000	207	0	0	1	207	1	207	2.366E-163	498
Q1R4J2	B6I3X7	1.000	207	0	0	1	207	1	207	2.366E-163	498
Q1R4J2	B7L890	1.000	207	0	0	1	207	1	207	2.366E-163	498
Q1R4J2	B7M596	1.000	207	0	0	1	207	1	207	2.366E-163	498
Q1R4J2	B7MGG0	1.000	207	0	0	1	207	1	207	2.366E-163	498
Q1R4J2	B7N2H9	1.000	207	0	0	1	207	1	207	2.366E-163	498
Q1R4J2	B7UMK5	1.000	207	0	0	1	207	1	207	2.366E-163	498
Q1R4J2	C4ZZ18	1.000	207	0	0	1	207	1	207	2.366E-163	498
Q1R4J2	P0A6U5	1.000	207	0	0	1	207	1	207	2.366E-163	498
Q1R4J2	P0A6U6	1.000	207	0	0	1	207	1	207	2.366E-163	498
Q1R4J2	P0A6U7	1.000	207	0	0	1	207	1	207	2.366E-163	498
Q1R4J2	Q0SYT6	1.000	207	0	0	1	207	1	207	2.366E-163	498
Q1R4J2	Q0TAW9	1.000	207	0	0	1	207	1	207	2.366E-163	498
Q1R4J2	Q1R4J2	1.000	207	0	0	1	207	1	207	2.366E-163	498
Q1R4J2	Q31UN9	1.000	207	0	0	1	207	1	207	2.366E-163	498
Q1R4J2	Q3YVP4	1.000	207	0	0	1	207	1	207	2.366E-163	498
Q1R4J2	Q83PJ7	0.995	207	1	0	1	207	1	207	1.089E-162	496
Q1R4J2	B1LL67	0.990	207	2	0	1	207	1	207	5.017E-162	494
Q1R4J2	B7NR42	0.990	207	2	0	1	207	1	207	5.017E-162	494
Q1R4J2	B7NF56	0.990	207	2	0	1	207	1	207	7.349E-162	493
Q1R4J2	Q329S9	0.990	207	2	0	1	207	1	207	4.956E-161	491
Q1R4J2	B7LK85	0.903	207	20	0	1	207	1	207	9.013E-149	457
B7L890	A1AHS0	1.000	207	0	0	1	207	1	207	2.366E-163	498
B7L890	A8A6K3	1.000	207	0	0	1	207	1	207	2.366E-163	498
B7L890	B1IWZ8	1.000	207	0	0	1	207	1	207	2.366E-163	498
B7L890	B1X9W8	1.000	207	0	0	1	207	1	207	2.366E-163	498
B7L890	B2TUN5	1.000	207	0	0	1	207	1	207	2.366E-163	498
B7L890	B5YXE4	1.000	207	0	0	1	207	1	207	2.366E-163	498
B7L890	B6I3X7	1.000	207	0	0	1	207	1	207	2.366E-163	498
B7L890	B7L890	1.000	207	0	0	1	207	1	207	2.366E-163	498
B7L890	B7M596	1.000	207	0	0	1	207	1	207	2.366E-163	498
B7L890	B7MGG0	1.000	207	0	0	1	207	1	207	2.366E-163	498
B7L890	B7N2H9	1.000	207	0	0	1	207	1	207	2.366E-163	498
B7L890	B7UMK5	1.000	207	0	0	1	207	1	207	2.366E-163	498
B7L890	C4ZZ18	1.000	207	0	0	1	207	1	207	2.366E-163	498
B7L890	P0A6U5	1.000	207	0	0	1	207	1	207	2.366E-163	498
B7L890	P0A6U6	1.000	207	0	0	1	207	1	207	2.366E-163	498
B7L890	P0A6U7	1.000	207	0	0	1	207	1	207	2.366E-163	498
B7L890	Q0SYT6	1.000	207	0	0	1	207	1	207	2.366E-163	498
B7L890	Q0TAW9	1.000	207	0	0	1	207	1	207	2.366E-163	498
B7L890	Q1R4J2	1.000	207	0	0	1	207	1	207	2.366E-163	498
B7L890	Q31UN9	1.000	207	0	0	1	207	1	207	2.366E-163	498
B7L890	Q3YVP4	1.000	207	0	0	1	207	1	207	2.366E-163	498
B7L890	Q83PJ7	0.995	207	1	0	1	207	1	207	1.089E-162	496
B7L890	B1LL67	0.990	207	2	0	1	207	1	207	5.017E-162	494
B7L890	B7NR42	0.990	207	2	0	1	207	1	207	5.017E-162	494
B7L890	B7NF56	0.990	207	2	0	1	207	1	207	7.349E-162	493
B7L890	Q329S9	0.990	207	2	0	1	207	1	207	4.956E-161	491
B7L890	B7LK85	0.903	207	20	0	1	207	1	207	9.013E-149	457
Q329S9	Q329S9	1.000	207	0	0	1	207	1	207	5.136E-164	499
Q329S9	A1AHS0	0.990	207	2	0	1	207	1	207	4.956E-161	491
Q329S9	A8A6K3	0.990	207	2	0	1	207	1	207	4.956E-161	491
Q329S9	B1IWZ8	0.990	207	2	0	1	207	1	207	4.956E-161	491
Q329S9	B1X9W8	0.990	207	2	0	1	207	1	207	4.956E-161	491
Q329S9	B2TUN5	0.990	207	2	0	1	207	1	207	4.956E-161	491
Q329S9	B5YXE4	0.990	207	2	0	1	207	1	207	4.956E-161	491
Q329S9	B6I3X7	0.990	207	2	0	1	207	1	207	4.956E-161	491
Q329S9	B7L890	0.990	207	2	0	1	207	1	207	4.956E-161	491
Q329S9	B7M596	0.990	207	2	0	1	207	1	207	4.956E-161	491
Q329S9	B7MGG0	0.990	207	2	0	1	207	1	207	4.956E-161	491
Q329S9	B7N2H9	0.990	207	2	0	1	207	1	207	4.956E-161	491
Q329S9	B7UMK5	0.990	207	2	0	1	207	1	207	4.956E-161	491
Q329S9	C4ZZ18	0.990	207	2	0	1	207	1	207	4.956E-161	491
Q329S9	P0A6U5	0.990	207	2	0	1	207	1	207	4.956E-161	491
Q329S9	P0A6U6	0.990	207	2	0	1	207	1	207	4.956E-161	491
Q329S9	P0A6U7	0.990	207	2	0	1	207	1	207	4.956E-161	491
Q329S9	Q0SYT6	0.990	207	2	0	1	207	1	207	4.956E-161	491
Q329S9	Q0TAW9	0.990	207	2	0	1	207	1	207	4.956E-161	491
Q329S9	Q1R4J2	0.990	207	2	0	1	207	1	207	4.956E-161	491
Q329S9	Q31UN9	0.990	207	2	0	1	207	1	207	4.956E-161	491
Q329S9	Q3YVP4	0.990	207	2	0	1	207	1	207	4.956E-161	491
Q329S9	Q83PJ7	0.985	207	3	0	1	207	1	207	2.282E-160	489
Q329S9	B1LL67	0.980	207	4	0	1	207	1	207	1.050E-159	487
Q329S9	B7NR42	0.980	207	4	0	1	207	1	207	1.050E-159	487
Q329S9	B7NF56	0.980	207	4	0	1	207	1	207	1.538E-159	487
Q1C087	A4TSI5	1.000	206	0	0	1	206	1	206	2.056E-162	495
Q1C087	A7FPE8	1.000	206	0	0	1	206	1	206	2.056E-162	495
Q1C087	A9R5U7	1.000	206	0	0	1	206	1	206	2.056E-162	495
Q1C087	B2K7J3	1.000	206	0	0	1	206	1	206	2.056E-162	495
Q1C087	Q1C087	1.000	206	0	0	1	206	1	206	2.056E-162	495
Q1C087	Q1CCG7	1.000	206	0	0	1	206	1	206	2.056E-162	495
Q1C087	Q663Q0	1.000	206	0	0	1	206	1	206	2.056E-162	495
Q1C087	Q8Z9R9	1.000	206	0	0	1	206	1	206	2.056E-162	495
Q1C087	B1JR33	0.995	206	1	0	1	206	1	206	9.354E-161	490
Q1C087	A1JTD7	0.917	206	17	0	1	206	1	206	3.765E-150	460
P57946	P57946	1.000	210	0	0	1	210	1	210	7.553E-164	499
Q7P0A5	Q7P0A5	1.000	209	0	0	1	209	1	209	6.320E-160	488
B3H2Q1	B0BRY0	1.000	205	0	0	1	205	1	205	8.324E-162	493
B3H2Q1	B3H2Q1	1.000	205	0	0	1	205	1	205	8.324E-162	493
B3H2Q1	A3N2V2	0.995	205	1	0	1	205	1	205	1.191E-159	487
Q663Q0	A4TSI5	1.000	206	0	0	1	206	1	206	2.056E-162	495
Q663Q0	A7FPE8	1.000	206	0	0	1	206	1	206	2.056E-162	495
Q663Q0	A9R5U7	1.000	206	0	0	1	206	1	206	2.056E-162	495
Q663Q0	B2K7J3	1.000	206	0	0	1	206	1	206	2.056E-162	495
Q663Q0	Q1C087	1.000	206	0	0	1	206	1	206	2.056E-162	495
Q663Q0	Q1CCG7	1.000	206	0	0	1	206	1	206	2.056E-162	495
Q663Q0	Q663Q0	1.000	206	0	0	1	206	1	206	2.056E-162	495
Q663Q0	Q8Z9R9	1.000	206	0	0	1	206	1	206	2.056E-162	495
Q663Q0	B1JR33	0.995	206	1	0	1	206	1	206	9.354E-161	490
Q663Q0	A1JTD7	0.917	206	17	0	1	206	1	206	3.765E-150	460
B7MGG0	A1AHS0	1.000	207	0	0	1	207	1	207	2.366E-163	498
B7MGG0	A8A6K3	1.000	207	0	0	1	207	1	207	2.366E-163	498
B7MGG0	B1IWZ8	1.000	207	0	0	1	207	1	207	2.366E-163	498
B7MGG0	B1X9W8	1.000	207	0	0	1	207	1	207	2.366E-163	498
B7MGG0	B2TUN5	1.000	207	0	0	1	207	1	207	2.366E-163	498
B7MGG0	B5YXE4	1.000	207	0	0	1	207	1	207	2.366E-163	498
B7MGG0	B6I3X7	1.000	207	0	0	1	207	1	207	2.366E-163	498
B7MGG0	B7L890	1.000	207	0	0	1	207	1	207	2.366E-163	498
B7MGG0	B7M596	1.000	207	0	0	1	207	1	207	2.366E-163	498
B7MGG0	B7MGG0	1.000	207	0	0	1	207	1	207	2.366E-163	498
B7MGG0	B7N2H9	1.000	207	0	0	1	207	1	207	2.366E-163	498
B7MGG0	B7UMK5	1.000	207	0	0	1	207	1	207	2.366E-163	498
B7MGG0	C4ZZ18	1.000	207	0	0	1	207	1	207	2.366E-163	498
B7MGG0	P0A6U5	1.000	207	0	0	1	207	1	207	2.366E-163	498
B7MGG0	P0A6U6	1.000	207	0	0	1	207	1	207	2.366E-163	498
B7MGG0	P0A6U7	1.000	207	0	0	1	207	1	207	2.366E-163	498
B7MGG0	Q0SYT6	1.000	207	0	0	1	207	1	207	2.366E-163	498
B7MGG0	Q0TAW9	1.000	207	0	0	1	207	1	207	2.366E-163	498
B7MGG0	Q1R4J2	1.000	207	0	0	1	207	1	207	2.366E-163	498
B7MGG0	Q31UN9	1.000	207	0	0	1	207	1	207	2.366E-163	498
B7MGG0	Q3YVP4	1.000	207	0	0	1	207	1	207	2.366E-163	498
B7MGG0	Q83PJ7	0.995	207	1	0	1	207	1	207	1.089E-162	496
B7MGG0	B1LL67	0.990	207	2	0	1	207	1	207	5.017E-162	494
B7MGG0	B7NR42	0.990	207	2	0	1	207	1	207	5.017E-162	494
B7MGG0	B7NF56	0.990	207	2	0	1	207	1	207	7.349E-162	493
B7MGG0	Q329S9	0.990	207	2	0	1	207	1	207	4.956E-161	491
B7MGG0	B7LK85	0.903	207	20	0	1	207	1	207	9.013E-149	457
A7N0X5	A7N0X5	1.000	211	0	0	1	211	1	211	1.888E-165	504
A7N0X5	Q87K99	0.938	211	13	0	1	211	1	211	3.598E-156	478
Q6CYI7	Q6CYI7	1.000	206	0	0	1	206	1	206	1.403E-162	495
Q6CYI7	C6DJG4	0.956	206	9	0	1	206	1	206	6.074E-157	479
B1IWZ8	A1AHS0	1.000	207	0	0	1	207	1	207	2.366E-163	498
B1IWZ8	A8A6K3	1.000	207	0	0	1	207	1	207	2.366E-163	498
B1IWZ8	B1IWZ8	1.000	207	0	0	1	207	1	207	2.366E-163	498
B1IWZ8	B1X9W8	1.000	207	0	0	1	207	1	207	2.366E-163	498
B1IWZ8	B2TUN5	1.000	207	0	0	1	207	1	207	2.366E-163	498
B1IWZ8	B5YXE4	1.000	207	0	0	1	207	1	207	2.366E-163	498
B1IWZ8	B6I3X7	1.000	207	0	0	1	207	1	207	2.366E-163	498
B1IWZ8	B7L890	1.000	207	0	0	1	207	1	207	2.366E-163	498
B1IWZ8	B7M596	1.000	207	0	0	1	207	1	207	2.366E-163	498
B1IWZ8	B7MGG0	1.000	207	0	0	1	207	1	207	2.366E-163	498
B1IWZ8	B7N2H9	1.000	207	0	0	1	207	1	207	2.366E-163	498
B1IWZ8	B7UMK5	1.000	207	0	0	1	207	1	207	2.366E-163	498
B1IWZ8	C4ZZ18	1.000	207	0	0	1	207	1	207	2.366E-163	498
B1IWZ8	P0A6U5	1.000	207	0	0	1	207	1	207	2.366E-163	498
B1IWZ8	P0A6U6	1.000	207	0	0	1	207	1	207	2.366E-163	498
B1IWZ8	P0A6U7	1.000	207	0	0	1	207	1	207	2.366E-163	498
B1IWZ8	Q0SYT6	1.000	207	0	0	1	207	1	207	2.366E-163	498
B1IWZ8	Q0TAW9	1.000	207	0	0	1	207	1	207	2.366E-163	498
B1IWZ8	Q1R4J2	1.000	207	0	0	1	207	1	207	2.366E-163	498
B1IWZ8	Q31UN9	1.000	207	0	0	1	207	1	207	2.366E-163	498
B1IWZ8	Q3YVP4	1.000	207	0	0	1	207	1	207	2.366E-163	498
B1IWZ8	Q83PJ7	0.995	207	1	0	1	207	1	207	1.089E-162	496
B1IWZ8	B1LL67	0.990	207	2	0	1	207	1	207	5.017E-162	494
B1IWZ8	B7NR42	0.990	207	2	0	1	207	1	207	5.017E-162	494
B1IWZ8	B7NF56	0.990	207	2	0	1	207	1	207	7.349E-162	493
B1IWZ8	Q329S9	0.990	207	2	0	1	207	1	207	4.956E-161	491
B1IWZ8	B7LK85	0.903	207	20	0	1	207	1	207	9.013E-149	457
B1X9W8	A1AHS0	1.000	207	0	0	1	207	1	207	2.366E-163	498
B1X9W8	A8A6K3	1.000	207	0	0	1	207	1	207	2.366E-163	498
B1X9W8	B1IWZ8	1.000	207	0	0	1	207	1	207	2.366E-163	498
B1X9W8	B1X9W8	1.000	207	0	0	1	207	1	207	2.366E-163	498
B1X9W8	B2TUN5	1.000	207	0	0	1	207	1	207	2.366E-163	498
B1X9W8	B5YXE4	1.000	207	0	0	1	207	1	207	2.366E-163	498
B1X9W8	B6I3X7	1.000	207	0	0	1	207	1	207	2.366E-163	498
B1X9W8	B7L890	1.000	207	0	0	1	207	1	207	2.366E-163	498
B1X9W8	B7M596	1.000	207	0	0	1	207	1	207	2.366E-163	498
B1X9W8	B7MGG0	1.000	207	0	0	1	207	1	207	2.366E-163	498
B1X9W8	B7N2H9	1.000	207	0	0	1	207	1	207	2.366E-163	498
B1X9W8	B7UMK5	1.000	207	0	0	1	207	1	207	2.366E-163	498
B1X9W8	C4ZZ18	1.000	207	0	0	1	207	1	207	2.366E-163	498
B1X9W8	P0A6U5	1.000	207	0	0	1	207	1	207	2.366E-163	498
B1X9W8	P0A6U6	1.000	207	0	0	1	207	1	207	2.366E-163	498
B1X9W8	P0A6U7	1.000	207	0	0	1	207	1	207	2.366E-163	498
B1X9W8	Q0SYT6	1.000	207	0	0	1	207	1	207	2.366E-163	498
B1X9W8	Q0TAW9	1.000	207	0	0	1	207	1	207	2.366E-163	498
B1X9W8	Q1R4J2	1.000	207	0	0	1	207	1	207	2.366E-163	498
B1X9W8	Q31UN9	1.000	207	0	0	1	207	1	207	2.366E-163	498
B1X9W8	Q3YVP4	1.000	207	0	0	1	207	1	207	2.366E-163	498
B1X9W8	Q83PJ7	0.995	207	1	0	1	207	1	207	1.089E-162	496
B1X9W8	B1LL67	0.990	207	2	0	1	207	1	207	5.017E-162	494
B1X9W8	B7NR42	0.990	207	2	0	1	207	1	207	5.017E-162	494
B1X9W8	B7NF56	0.990	207	2	0	1	207	1	207	7.349E-162	493
B1X9W8	Q329S9	0.990	207	2	0	1	207	1	207	4.956E-161	491
B1X9W8	B7LK85	0.903	207	20	0	1	207	1	207	9.013E-149	457
B7LK85	B7LK85	1.000	207	0	0	1	207	1	207	7.611E-165	502
B7LK85	B1LL67	0.903	207	20	0	1	207	1	207	1.340E-149	459
B7LK85	B7NR42	0.903	207	20	0	1	207	1	207	1.340E-149	459
B7LK85	B7NF56	0.903	207	20	0	1	207	1	207	2.872E-149	458
B7LK85	A1AHS0	0.903	207	20	0	1	207	1	207	9.013E-149	457
B7LK85	A8A6K3	0.903	207	20	0	1	207	1	207	9.013E-149	457
B7LK85	B1IWZ8	0.903	207	20	0	1	207	1	207	9.013E-149	457
B7LK85	B1X9W8	0.903	207	20	0	1	207	1	207	9.013E-149	457
B7LK85	B2TUN5	0.903	207	20	0	1	207	1	207	9.013E-149	457
B7LK85	B5YXE4	0.903	207	20	0	1	207	1	207	9.013E-149	457
B7LK85	B6I3X7	0.903	207	20	0	1	207	1	207	9.013E-149	457
B7LK85	B7L890	0.903	207	20	0	1	207	1	207	9.013E-149	457
B7LK85	B7M596	0.903	207	20	0	1	207	1	207	9.013E-149	457
B7LK85	B7MGG0	0.903	207	20	0	1	207	1	207	9.013E-149	457
B7LK85	B7N2H9	0.903	207	20	0	1	207	1	207	9.013E-149	457
B7LK85	B7UMK5	0.903	207	20	0	1	207	1	207	9.013E-149	457
B7LK85	C4ZZ18	0.903	207	20	0	1	207	1	207	9.013E-149	457
B7LK85	P0A6U5	0.903	207	20	0	1	207	1	207	9.013E-149	457
B7LK85	P0A6U6	0.903	207	20	0	1	207	1	207	9.013E-149	457
B7LK85	P0A6U7	0.903	207	20	0	1	207	1	207	9.013E-149	457
B7LK85	Q0SYT6	0.903	207	20	0	1	207	1	207	9.013E-149	457
B7LK85	Q0TAW9	0.903	207	20	0	1	207	1	207	9.013E-149	457
B7LK85	Q1R4J2	0.903	207	20	0	1	207	1	207	9.013E-149	457
B7LK85	Q31UN9	0.903	207	20	0	1	207	1	207	9.013E-149	457
B7LK85	Q3YVP4	0.903	207	20	0	1	207	1	207	9.013E-149	457
A6VL65	A6VL65	1.000	211	0	0	1	211	1	211	8.479E-163	497
B0UWH2	B0UWH2	1.000	212	0	0	1	212	1	212	2.120E-164	501
B0UWH2	Q0I5W5	0.990	212	2	0	1	212	1	212	2.093E-163	498
B4RS91	B4RS91	1.000	211	0	0	1	211	1	211	6.078E-167	508
B2K7J3	A4TSI5	1.000	206	0	0	1	206	1	206	2.056E-162	495
B2K7J3	A7FPE8	1.000	206	0	0	1	206	1	206	2.056E-162	495
B2K7J3	A9R5U7	1.000	206	0	0	1	206	1	206	2.056E-162	495
B2K7J3	B2K7J3	1.000	206	0	0	1	206	1	206	2.056E-162	495
B2K7J3	Q1C087	1.000	206	0	0	1	206	1	206	2.056E-162	495
B2K7J3	Q1CCG7	1.000	206	0	0	1	206	1	206	2.056E-162	495
B2K7J3	Q663Q0	1.000	206	0	0	1	206	1	206	2.056E-162	495
B2K7J3	Q8Z9R9	1.000	206	0	0	1	206	1	206	2.056E-162	495
B2K7J3	B1JR33	0.995	206	1	0	1	206	1	206	9.354E-161	490
B2K7J3	A1JTD7	0.917	206	17	0	1	206	1	206	3.765E-150	460
B0BRY0	B0BRY0	1.000	205	0	0	1	205	1	205	8.324E-162	493
B0BRY0	B3H2Q1	1.000	205	0	0	1	205	1	205	8.324E-162	493
B0BRY0	A3N2V2	0.995	205	1	0	1	205	1	205	1.191E-159	487
P0A6U5	A1AHS0	1.000	207	0	0	1	207	1	207	2.366E-163	498
P0A6U5	A8A6K3	1.000	207	0	0	1	207	1	207	2.366E-163	498
P0A6U5	B1IWZ8	1.000	207	0	0	1	207	1	207	2.366E-163	498
P0A6U5	B1X9W8	1.000	207	0	0	1	207	1	207	2.366E-163	498
P0A6U5	B2TUN5	1.000	207	0	0	1	207	1	207	2.366E-163	498
P0A6U5	B5YXE4	1.000	207	0	0	1	207	1	207	2.366E-163	498
P0A6U5	B6I3X7	1.000	207	0	0	1	207	1	207	2.366E-163	498
P0A6U5	B7L890	1.000	207	0	0	1	207	1	207	2.366E-163	498
P0A6U5	B7M596	1.000	207	0	0	1	207	1	207	2.366E-163	498
P0A6U5	B7MGG0	1.000	207	0	0	1	207	1	207	2.366E-163	498
P0A6U5	B7N2H9	1.000	207	0	0	1	207	1	207	2.366E-163	498
P0A6U5	B7UMK5	1.000	207	0	0	1	207	1	207	2.366E-163	498
P0A6U5	C4ZZ18	1.000	207	0	0	1	207	1	207	2.366E-163	498
P0A6U5	P0A6U5	1.000	207	0	0	1	207	1	207	2.366E-163	498
P0A6U5	P0A6U6	1.000	207	0	0	1	207	1	207	2.366E-163	498
P0A6U5	P0A6U7	1.000	207	0	0	1	207	1	207	2.366E-163	498
P0A6U5	Q0SYT6	1.000	207	0	0	1	207	1	207	2.366E-163	498
P0A6U5	Q0TAW9	1.000	207	0	0	1	207	1	207	2.366E-163	498
P0A6U5	Q1R4J2	1.000	207	0	0	1	207	1	207	2.366E-163	498
P0A6U5	Q31UN9	1.000	207	0	0	1	207	1	207	2.366E-163	498
P0A6U5	Q3YVP4	1.000	207	0	0	1	207	1	207	2.366E-163	498
P0A6U5	Q83PJ7	0.995	207	1	0	1	207	1	207	1.089E-162	496
P0A6U5	B1LL67	0.990	207	2	0	1	207	1	207	5.017E-162	494
P0A6U5	B7NR42	0.990	207	2	0	1	207	1	207	5.017E-162	494
P0A6U5	B7NF56	0.990	207	2	0	1	207	1	207	7.349E-162	493
P0A6U5	Q329S9	0.990	207	2	0	1	207	1	207	4.956E-161	491
P0A6U5	B7LK85	0.903	207	20	0	1	207	1	207	9.013E-149	457
A9R5U7	A4TSI5	1.000	206	0	0	1	206	1	206	2.056E-162	495
A9R5U7	A7FPE8	1.000	206	0	0	1	206	1	206	2.056E-162	495
A9R5U7	A9R5U7	1.000	206	0	0	1	206	1	206	2.056E-162	495
A9R5U7	B2K7J3	1.000	206	0	0	1	206	1	206	2.056E-162	495
A9R5U7	Q1C087	1.000	206	0	0	1	206	1	206	2.056E-162	495
A9R5U7	Q1CCG7	1.000	206	0	0	1	206	1	206	2.056E-162	495
A9R5U7	Q663Q0	1.000	206	0	0	1	206	1	206	2.056E-162	495
A9R5U7	Q8Z9R9	1.000	206	0	0	1	206	1	206	2.056E-162	495
A9R5U7	B1JR33	0.995	206	1	0	1	206	1	206	9.354E-161	490
A9R5U7	A1JTD7	0.917	206	17	0	1	206	1	206	3.765E-150	460
A8ACP6	A8ACP6	1.000	207	0	0	1	207	1	207	5.077E-163	497
A8GLL1	A8GLL1	1.000	206	0	0	1	206	1	206	4.463E-163	497
B7NF56	B7NF56	1.000	207	0	0	1	207	1	207	1.615E-163	498
B7NF56	A1AHS0	0.990	207	2	0	1	207	1	207	7.349E-162	493
B7NF56	A8A6K3	0.990	207	2	0	1	207	1	207	7.349E-162	493
B7NF56	B1IWZ8	0.990	207	2	0	1	207	1	207	7.349E-162	493
B7NF56	B1X9W8	0.990	207	2	0	1	207	1	207	7.349E-162	493
B7NF56	B2TUN5	0.990	207	2	0	1	207	1	207	7.349E-162	493
B7NF56	B5YXE4	0.990	207	2	0	1	207	1	207	7.349E-162	493
B7NF56	B6I3X7	0.990	207	2	0	1	207	1	207	7.349E-162	493
B7NF56	B7L890	0.990	207	2	0	1	207	1	207	7.349E-162	493
B7NF56	B7M596	0.990	207	2	0	1	207	1	207	7.349E-162	493
B7NF56	B7MGG0	0.990	207	2	0	1	207	1	207	7.349E-162	493
B7NF56	B7N2H9	0.990	207	2	0	1	207	1	207	7.349E-162	493
B7NF56	B7UMK5	0.990	207	2	0	1	207	1	207	7.349E-162	493
B7NF56	C4ZZ18	0.990	207	2	0	1	207	1	207	7.349E-162	493
B7NF56	P0A6U5	0.990	207	2	0	1	207	1	207	7.349E-162	493
B7NF56	P0A6U6	0.990	207	2	0	1	207	1	207	7.349E-162	493
B7NF56	P0A6U7	0.990	207	2	0	1	207	1	207	7.349E-162	493
B7NF56	Q0SYT6	0.990	207	2	0	1	207	1	207	7.349E-162	493
B7NF56	Q0TAW9	0.990	207	2	0	1	207	1	207	7.349E-162	493
B7NF56	Q1R4J2	0.990	207	2	0	1	207	1	207	7.349E-162	493
B7NF56	Q31UN9	0.990	207	2	0	1	207	1	207	7.349E-162	493
B7NF56	Q3YVP4	0.990	207	2	0	1	207	1	207	7.349E-162	493
B7NF56	Q83PJ7	0.985	207	3	0	1	207	1	207	3.383E-161	491
B7NF56	B1LL67	0.980	207	4	0	1	207	1	207	1.558E-160	490
B7NF56	B7NR42	0.980	207	4	0	1	207	1	207	1.558E-160	490
B7NF56	Q329S9	0.980	207	4	0	1	207	1	207	1.538E-159	487
B7NF56	B7LK85	0.903	207	20	0	1	207	1	207	2.872E-149	458
Q3YVP4	A1AHS0	1.000	207	0	0	1	207	1	207	2.366E-163	498
Q3YVP4	A8A6K3	1.000	207	0	0	1	207	1	207	2.366E-163	498
Q3YVP4	B1IWZ8	1.000	207	0	0	1	207	1	207	2.366E-163	498
Q3YVP4	B1X9W8	1.000	207	0	0	1	207	1	207	2.366E-163	498
Q3YVP4	B2TUN5	1.000	207	0	0	1	207	1	207	2.366E-163	498
Q3YVP4	B5YXE4	1.000	207	0	0	1	207	1	207	2.366E-163	498
Q3YVP4	B6I3X7	1.000	207	0	0	1	207	1	207	2.366E-163	498
Q3YVP4	B7L890	1.000	207	0	0	1	207	1	207	2.366E-163	498
Q3YVP4	B7M596	1.000	207	0	0	1	207	1	207	2.366E-163	498
Q3YVP4	B7MGG0	1.000	207	0	0	1	207	1	207	2.366E-163	498
Q3YVP4	B7N2H9	1.000	207	0	0	1	207	1	207	2.366E-163	498
Q3YVP4	B7UMK5	1.000	207	0	0	1	207	1	207	2.366E-163	498
Q3YVP4	C4ZZ18	1.000	207	0	0	1	207	1	207	2.366E-163	498
Q3YVP4	P0A6U5	1.000	207	0	0	1	207	1	207	2.366E-163	498
Q3YVP4	P0A6U6	1.000	207	0	0	1	207	1	207	2.366E-163	498
Q3YVP4	P0A6U7	1.000	207	0	0	1	207	1	207	2.366E-163	498
Q3YVP4	Q0SYT6	1.000	207	0	0	1	207	1	207	2.366E-163	498
Q3YVP4	Q0TAW9	1.000	207	0	0	1	207	1	207	2.366E-163	498
Q3YVP4	Q1R4J2	1.000	207	0	0	1	207	1	207	2.366E-163	498
Q3YVP4	Q31UN9	1.000	207	0	0	1	207	1	207	2.366E-163	498
Q3YVP4	Q3YVP4	1.000	207	0	0	1	207	1	207	2.366E-163	498
Q3YVP4	Q83PJ7	0.995	207	1	0	1	207	1	207	1.089E-162	496
Q3YVP4	B1LL67	0.990	207	2	0	1	207	1	207	5.017E-162	494
Q3YVP4	B7NR42	0.990	207	2	0	1	207	1	207	5.017E-162	494
Q3YVP4	B7NF56	0.990	207	2	0	1	207	1	207	7.349E-162	493
Q3YVP4	Q329S9	0.990	207	2	0	1	207	1	207	4.956E-161	491
Q3YVP4	B7LK85	0.903	207	20	0	1	207	1	207	9.013E-149	457
B7UMK5	A1AHS0	1.000	207	0	0	1	207	1	207	2.366E-163	498
B7UMK5	A8A6K3	1.000	207	0	0	1	207	1	207	2.366E-163	498
B7UMK5	B1IWZ8	1.000	207	0	0	1	207	1	207	2.366E-163	498
B7UMK5	B1X9W8	1.000	207	0	0	1	207	1	207	2.366E-163	498
B7UMK5	B2TUN5	1.000	207	0	0	1	207	1	207	2.366E-163	498
B7UMK5	B5YXE4	1.000	207	0	0	1	207	1	207	2.366E-163	498
B7UMK5	B6I3X7	1.000	207	0	0	1	207	1	207	2.366E-163	498
B7UMK5	B7L890	1.000	207	0	0	1	207	1	207	2.366E-163	498
B7UMK5	B7M596	1.000	207	0	0	1	207	1	207	2.366E-163	498
B7UMK5	B7MGG0	1.000	207	0	0	1	207	1	207	2.366E-163	498
B7UMK5	B7N2H9	1.000	207	0	0	1	207	1	207	2.366E-163	498
B7UMK5	B7UMK5	1.000	207	0	0	1	207	1	207	2.366E-163	498
B7UMK5	C4ZZ18	1.000	207	0	0	1	207	1	207	2.366E-163	498
B7UMK5	P0A6U5	1.000	207	0	0	1	207	1	207	2.366E-163	498
B7UMK5	P0A6U6	1.000	207	0	0	1	207	1	207	2.366E-163	498
B7UMK5	P0A6U7	1.000	207	0	0	1	207	1	207	2.366E-163	498
B7UMK5	Q0SYT6	1.000	207	0	0	1	207	1	207	2.366E-163	498
B7UMK5	Q0TAW9	1.000	207	0	0	1	207	1	207	2.366E-163	498
B7UMK5	Q1R4J2	1.000	207	0	0	1	207	1	207	2.366E-163	498
B7UMK5	Q31UN9	1.000	207	0	0	1	207	1	207	2.366E-163	498
B7UMK5	Q3YVP4	1.000	207	0	0	1	207	1	207	2.366E-163	498
B7UMK5	Q83PJ7	0.995	207	1	0	1	207	1	207	1.089E-162	496
B7UMK5	B1LL67	0.990	207	2	0	1	207	1	207	5.017E-162	494
B7UMK5	B7NR42	0.990	207	2	0	1	207	1	207	5.017E-162	494
B7UMK5	B7NF56	0.990	207	2	0	1	207	1	207	7.349E-162	493
B7UMK5	Q329S9	0.990	207	2	0	1	207	1	207	4.956E-161	491
B7UMK5	B7LK85	0.903	207	20	0	1	207	1	207	9.013E-149	457
B8F6X2	B8F6X2	1.000	203	0	0	1	203	1	203	1.333E-158	484
Q1CCG7	A4TSI5	1.000	206	0	0	1	206	1	206	2.056E-162	495
Q1CCG7	A7FPE8	1.000	206	0	0	1	206	1	206	2.056E-162	495
Q1CCG7	A9R5U7	1.000	206	0	0	1	206	1	206	2.056E-162	495
Q1CCG7	B2K7J3	1.000	206	0	0	1	206	1	206	2.056E-162	495
Q1CCG7	Q1C087	1.000	206	0	0	1	206	1	206	2.056E-162	495
Q1CCG7	Q1CCG7	1.000	206	0	0	1	206	1	206	2.056E-162	495
Q1CCG7	Q663Q0	1.000	206	0	0	1	206	1	206	2.056E-162	495
Q1CCG7	Q8Z9R9	1.000	206	0	0	1	206	1	206	2.056E-162	495
Q1CCG7	B1JR33	0.995	206	1	0	1	206	1	206	9.354E-161	490
Q1CCG7	A1JTD7	0.917	206	17	0	1	206	1	206	3.765E-150	460
Q0TAW9	A1AHS0	1.000	207	0	0	1	207	1	207	2.366E-163	498
Q0TAW9	A8A6K3	1.000	207	0	0	1	207	1	207	2.366E-163	498
Q0TAW9	B1IWZ8	1.000	207	0	0	1	207	1	207	2.366E-163	498
Q0TAW9	B1X9W8	1.000	207	0	0	1	207	1	207	2.366E-163	498
Q0TAW9	B2TUN5	1.000	207	0	0	1	207	1	207	2.366E-163	498
Q0TAW9	B5YXE4	1.000	207	0	0	1	207	1	207	2.366E-163	498
Q0TAW9	B6I3X7	1.000	207	0	0	1	207	1	207	2.366E-163	498
Q0TAW9	B7L890	1.000	207	0	0	1	207	1	207	2.366E-163	498
Q0TAW9	B7M596	1.000	207	0	0	1	207	1	207	2.366E-163	498
Q0TAW9	B7MGG0	1.000	207	0	0	1	207	1	207	2.366E-163	498
Q0TAW9	B7N2H9	1.000	207	0	0	1	207	1	207	2.366E-163	498
Q0TAW9	B7UMK5	1.000	207	0	0	1	207	1	207	2.366E-163	498
Q0TAW9	C4ZZ18	1.000	207	0	0	1	207	1	207	2.366E-163	498
Q0TAW9	P0A6U5	1.000	207	0	0	1	207	1	207	2.366E-163	498
Q0TAW9	P0A6U6	1.000	207	0	0	1	207	1	207	2.366E-163	498
Q0TAW9	P0A6U7	1.000	207	0	0	1	207	1	207	2.366E-163	498
Q0TAW9	Q0SYT6	1.000	207	0	0	1	207	1	207	2.366E-163	498
Q0TAW9	Q0TAW9	1.000	207	0	0	1	207	1	207	2.366E-163	498
Q0TAW9	Q1R4J2	1.000	207	0	0	1	207	1	207	2.366E-163	498
Q0TAW9	Q31UN9	1.000	207	0	0	1	207	1	207	2.366E-163	498
Q0TAW9	Q3YVP4	1.000	207	0	0	1	207	1	207	2.366E-163	498
Q0TAW9	Q83PJ7	0.995	207	1	0	1	207	1	207	1.089E-162	496
Q0TAW9	B1LL67	0.990	207	2	0	1	207	1	207	5.017E-162	494
Q0TAW9	B7NR42	0.990	207	2	0	1	207	1	207	5.017E-162	494
Q0TAW9	B7NF56	0.990	207	2	0	1	207	1	207	7.349E-162	493
Q0TAW9	Q329S9	0.990	207	2	0	1	207	1	207	4.956E-161	491
Q0TAW9	B7LK85	0.903	207	20	0	1	207	1	207	9.013E-149	457
B7N2H9	A1AHS0	1.000	207	0	0	1	207	1	207	2.366E-163	498
B7N2H9	A8A6K3	1.000	207	0	0	1	207	1	207	2.366E-163	498
B7N2H9	B1IWZ8	1.000	207	0	0	1	207	1	207	2.366E-163	498
B7N2H9	B1X9W8	1.000	207	0	0	1	207	1	207	2.366E-163	498
B7N2H9	B2TUN5	1.000	207	0	0	1	207	1	207	2.366E-163	498
B7N2H9	B5YXE4	1.000	207	0	0	1	207	1	207	2.366E-163	498
B7N2H9	B6I3X7	1.000	207	0	0	1	207	1	207	2.366E-163	498
B7N2H9	B7L890	1.000	207	0	0	1	207	1	207	2.366E-163	498
B7N2H9	B7M596	1.000	207	0	0	1	207	1	207	2.366E-163	498
B7N2H9	B7MGG0	1.000	207	0	0	1	207	1	207	2.366E-163	498
B7N2H9	B7N2H9	1.000	207	0	0	1	207	1	207	2.366E-163	498
B7N2H9	B7UMK5	1.000	207	0	0	1	207	1	207	2.366E-163	498
B7N2H9	C4ZZ18	1.000	207	0	0	1	207	1	207	2.366E-163	498
B7N2H9	P0A6U5	1.000	207	0	0	1	207	1	207	2.366E-163	498
B7N2H9	P0A6U6	1.000	207	0	0	1	207	1	207	2.366E-163	498
B7N2H9	P0A6U7	1.000	207	0	0	1	207	1	207	2.366E-163	498
B7N2H9	Q0SYT6	1.000	207	0	0	1	207	1	207	2.366E-163	498
B7N2H9	Q0TAW9	1.000	207	0	0	1	207	1	207	2.366E-163	498
B7N2H9	Q1R4J2	1.000	207	0	0	1	207	1	207	2.366E-163	498
B7N2H9	Q31UN9	1.000	207	0	0	1	207	1	207	2.366E-163	498
B7N2H9	Q3YVP4	1.000	207	0	0	1	207	1	207	2.366E-163	498
B7N2H9	Q83PJ7	0.995	207	1	0	1	207	1	207	1.089E-162	496
B7N2H9	B1LL67	0.990	207	2	0	1	207	1	207	5.017E-162	494
B7N2H9	B7NR42	0.990	207	2	0	1	207	1	207	5.017E-162	494
B7N2H9	B7NF56	0.990	207	2	0	1	207	1	207	7.349E-162	493
B7N2H9	Q329S9	0.990	207	2	0	1	207	1	207	4.956E-161	491
B7N2H9	B7LK85	0.903	207	20	0	1	207	1	207	9.013E-149	457
B2VCB2	B2VCB2	1.000	205	0	0	1	205	1	205	1.786E-161	492
