A0A0E0SMA3	A0A0E0SMA3	1.000	380	0	0	1	380	1	380	2.503E-309	933
Q6ZIX2	Q6ZIX2	1.000	344	0	0	1	344	1	344	1.673E-282	852
P25087	P25087	1.000	383	0	0	1	383	1	383	8.214E-312	940
Q6CYB3	Q6CYB3	1.000	371	0	0	1	371	1	371	1.499E-300	907
A5VSK3	A5VSK3	1.000	248	0	0	1	248	1	248	4.855E-196	596
A5VSK3	A9M8K8	1.000	248	0	0	1	248	1	248	4.855E-196	596
A5VSK3	B0CIC6	1.000	248	0	0	1	248	1	248	4.855E-196	596
A5VSK3	B2S828	1.000	248	0	0	1	248	1	248	4.855E-196	596
A5VSK3	Q2YLN5	1.000	248	0	0	1	248	1	248	4.855E-196	596
A5VSK3	Q8FYK0	1.000	248	0	0	1	248	1	248	4.855E-196	596
A5VSK3	C0RFB8	0.995	248	1	0	1	248	1	248	2.234E-195	594
A5VSK3	Q8YJ98	0.995	248	1	0	1	248	1	248	2.234E-195	594
Q2YLN5	A5VSK3	1.000	248	0	0	1	248	1	248	4.855E-196	596
Q2YLN5	A9M8K8	1.000	248	0	0	1	248	1	248	4.855E-196	596
Q2YLN5	B0CIC6	1.000	248	0	0	1	248	1	248	4.855E-196	596
Q2YLN5	B2S828	1.000	248	0	0	1	248	1	248	4.855E-196	596
Q2YLN5	Q2YLN5	1.000	248	0	0	1	248	1	248	4.855E-196	596
Q2YLN5	Q8FYK0	1.000	248	0	0	1	248	1	248	4.855E-196	596
Q2YLN5	C0RFB8	0.995	248	1	0	1	248	1	248	2.234E-195	594
Q2YLN5	Q8YJ98	0.995	248	1	0	1	248	1	248	2.234E-195	594
H2E7U0	H2E7U0	1.000	392	0	0	1	392	1	392	3.014E-322	971
Q759S7	Q759S7	1.000	373	0	0	1	373	1	373	1.341E-301	910
O53732	O53732	1.000	427	0	0	1	427	1	427	0.000E+00	1038
B0U3W1	B0U3W1	1.000	246	0	0	1	246	1	246	2.563E-196	597
B0U3W1	B2I705	0.987	246	3	0	1	246	1	246	1.707E-194	591
B0U3W1	Q87BG5	0.987	246	3	0	1	246	1	246	1.707E-194	591
B0U3W1	Q9PAM5	0.975	246	6	0	1	246	1	246	3.522E-191	582
Q6MX39	Q6MX39	1.000	286	0	0	1	286	1	286	9.957E-229	693
P9WPB5	P0A5P1	1.000	302	0	0	1	302	1	302	4.680E-248	750
P9WPB5	P9WPB4	1.000	302	0	0	1	302	1	302	4.680E-248	750
P9WPB5	P9WPB5	1.000	302	0	0	1	302	1	302	4.680E-248	750
Q54I98	Q54I98	1.000	354	0	0	1	354	1	354	4.468E-288	870
Q944H0	Q944H0	1.000	491	0	0	1	491	1	491	0.000E+00	1204
P0A5P1	P0A5P1	1.000	302	0	0	1	302	1	302	4.680E-248	750
P0A5P1	P9WPB4	1.000	302	0	0	1	302	1	302	4.680E-248	750
P0A5P1	P9WPB5	1.000	302	0	0	1	302	1	302	4.680E-248	750
Q5C9L6	Q5C9L6	1.000	361	0	0	1	361	1	361	5.395E-292	882
B0CIC6	A5VSK3	1.000	248	0	0	1	248	1	248	4.855E-196	596
B0CIC6	A9M8K8	1.000	248	0	0	1	248	1	248	4.855E-196	596
B0CIC6	B0CIC6	1.000	248	0	0	1	248	1	248	4.855E-196	596
B0CIC6	B2S828	1.000	248	0	0	1	248	1	248	4.855E-196	596
B0CIC6	Q2YLN5	1.000	248	0	0	1	248	1	248	4.855E-196	596
B0CIC6	Q8FYK0	1.000	248	0	0	1	248	1	248	4.855E-196	596
B0CIC6	C0RFB8	0.995	248	1	0	1	248	1	248	2.234E-195	594
B0CIC6	Q8YJ98	0.995	248	1	0	1	248	1	248	2.234E-195	594
A0A0A2IBN3	A0A0A2IBN3	1.000	276	0	0	1	276	1	276	7.220E-215	653
C3SBW0	C3SBW0	1.000	356	0	0	1	356	1	356	2.729E-289	873
C4R7Z3	C4R7Z3	1.000	489	0	0	1	489	1	489	0.000E+00	1211
B2I705	B2I705	1.000	246	0	0	1	246	1	246	2.563E-196	597
B2I705	Q87BG5	1.000	246	0	0	1	246	1	246	2.563E-196	597
B2I705	B0U3W1	0.987	246	3	0	1	246	1	246	1.707E-194	591
B2I705	Q9PAM5	0.971	246	7	0	1	246	1	246	1.106E-190	581
Q8KZ94	Q8KZ94	1.000	283	0	0	1	283	1	283	8.678E-219	665
Q79FX6	A5U029	1.000	287	0	0	1	287	1	287	8.032E-232	702
Q79FX6	Q79FX6	1.000	287	0	0	1	287	1	287	8.032E-232	702
Q79FX6	Q7U1J9	0.996	287	1	0	1	287	1	287	1.162E-230	699
A3DBD7	A3DBD7	1.000	283	0	0	1	283	1	283	2.960E-224	680
A5U029	A5U029	1.000	287	0	0	1	287	1	287	8.032E-232	702
A5U029	Q79FX6	1.000	287	0	0	1	287	1	287	8.032E-232	702
A5U029	Q7U1J9	0.996	287	1	0	1	287	1	287	1.162E-230	699
Q8FYK0	A5VSK3	1.000	248	0	0	1	248	1	248	4.855E-196	596
Q8FYK0	A9M8K8	1.000	248	0	0	1	248	1	248	4.855E-196	596
Q8FYK0	B0CIC6	1.000	248	0	0	1	248	1	248	4.855E-196	596
Q8FYK0	B2S828	1.000	248	0	0	1	248	1	248	4.855E-196	596
Q8FYK0	Q2YLN5	1.000	248	0	0	1	248	1	248	4.855E-196	596
Q8FYK0	Q8FYK0	1.000	248	0	0	1	248	1	248	4.855E-196	596
Q8FYK0	C0RFB8	0.995	248	1	0	1	248	1	248	2.234E-195	594
Q8FYK0	Q8YJ98	0.995	248	1	0	1	248	1	248	2.234E-195	594
C3SBU5	C3SBU5	1.000	358	0	0	1	358	1	358	2.376E-288	871
C3SBU5	Q108P1	0.983	358	6	0	1	358	1	358	1.033E-283	858
Q8YJ98	C0RFB8	1.000	248	0	0	1	248	1	248	3.314E-196	597
Q8YJ98	Q8YJ98	1.000	248	0	0	1	248	1	248	3.314E-196	597
Q8YJ98	A5VSK3	0.995	248	1	0	1	248	1	248	2.234E-195	594
Q8YJ98	A9M8K8	0.995	248	1	0	1	248	1	248	2.234E-195	594
Q8YJ98	B0CIC6	0.995	248	1	0	1	248	1	248	2.234E-195	594
Q8YJ98	B2S828	0.995	248	1	0	1	248	1	248	2.234E-195	594
Q8YJ98	Q2YLN5	0.995	248	1	0	1	248	1	248	2.234E-195	594
Q8YJ98	Q8FYK0	0.995	248	1	0	1	248	1	248	2.234E-195	594
C3SBU4	C3SBU4	1.000	358	0	0	1	358	1	358	1.153E-291	880
P9WPB4	P0A5P1	1.000	302	0	0	1	302	1	302	4.680E-248	750
P9WPB4	P9WPB4	1.000	302	0	0	1	302	1	302	4.680E-248	750
P9WPB4	P9WPB5	1.000	302	0	0	1	302	1	302	4.680E-248	750
Q92H07	Q92H07	1.000	289	0	0	1	289	1	289	6.908E-230	697
Q4W9V1	Q4W9V1	1.000	377	0	0	1	377	1	377	3.846E-313	943
A5U030	A5U030	1.000	286	0	0	1	286	1	286	4.641E-229	694
A5U030	P0A5Q1	1.000	286	0	0	1	286	1	286	4.641E-229	694
A5U030	P9WPB0	1.000	286	0	0	1	286	1	286	4.641E-229	694
A5U030	P9WPB1	1.000	286	0	0	1	286	1	286	4.641E-229	694
Q108P1	Q108P1	1.000	358	0	0	1	358	1	358	1.108E-288	872
Q108P1	C3SBU5	0.983	358	6	0	1	358	1	358	1.033E-283	858
O74198	O74198	1.000	376	0	0	1	376	1	376	6.888E-309	931
D5DIV9	D5DIV9	1.000	274	0	0	1	274	1	274	8.526E-218	661
Q9FR44	Q9FR44	1.000	491	0	0	1	491	1	491	0.000E+00	1204
H2E7T5	H2E7T5	1.000	378	0	0	1	378	1	378	1.357E-311	939
Q7U1K1	Q7U1K1	1.000	301	0	0	1	301	1	301	3.964E-245	741
Q7U1K1	A5U027	0.996	301	1	0	1	301	1	301	1.825E-244	740
Q7U1K1	Q79FX8	0.996	301	1	0	1	301	1	301	1.825E-244	740
Q9TYP1	Q9TYP1	1.000	334	0	0	1	334	1	334	2.737E-272	822
Q5APD4	Q5APD4	1.000	513	0	0	1	513	1	513	0.000E+00	1291
I1RNL0	I1RNL0	1.000	521	0	0	1	521	1	521	0.000E+00	1308
P9WPB3	P9WPB2	1.000	287	0	0	1	287	1	287	5.622E-234	708
P9WPB3	P9WPB3	1.000	287	0	0	1	287	1	287	5.622E-234	708
I1RGC4	I1RGC4	1.000	381	0	0	1	381	1	381	1.399E-313	945
P9WPB1	A5U030	1.000	286	0	0	1	286	1	286	4.641E-229	694
P9WPB1	P0A5Q1	1.000	286	0	0	1	286	1	286	4.641E-229	694
P9WPB1	P9WPB0	1.000	286	0	0	1	286	1	286	4.641E-229	694
P9WPB1	P9WPB1	1.000	286	0	0	1	286	1	286	4.641E-229	694
Q9P3R1	Q9P3R1	1.000	379	0	0	1	379	1	379	1.503E-309	933
Q96WX4	Q96WX4	1.000	377	0	0	1	377	1	377	7.525E-306	923
Q6FRZ7	Q6FRZ7	1.000	372	0	0	1	372	1	372	3.857E-304	917
Q9C6B9	Q9C6B9	1.000	490	0	0	1	490	1	490	0.000E+00	1209
Q9M571	Q9M571	1.000	494	0	0	1	494	1	494	0.000E+00	1205
B2S828	A5VSK3	1.000	248	0	0	1	248	1	248	4.855E-196	596
B2S828	A9M8K8	1.000	248	0	0	1	248	1	248	4.855E-196	596
B2S828	B0CIC6	1.000	248	0	0	1	248	1	248	4.855E-196	596
B2S828	B2S828	1.000	248	0	0	1	248	1	248	4.855E-196	596
B2S828	Q2YLN5	1.000	248	0	0	1	248	1	248	4.855E-196	596
B2S828	Q8FYK0	1.000	248	0	0	1	248	1	248	4.855E-196	596
B2S828	C0RFB8	0.995	248	1	0	1	248	1	248	2.234E-195	594
B2S828	Q8YJ98	0.995	248	1	0	1	248	1	248	2.234E-195	594
H2E7T6	H2E7T6	1.000	378	0	0	1	378	1	378	9.146E-311	937
P0CH91	A5U028	1.000	293	0	0	1	293	1	293	1.248E-235	714
P0CH91	P0CH91	1.000	293	0	0	1	293	1	293	1.248E-235	714
P0CH91	Q7U1K0	1.000	293	0	0	1	293	1	293	1.248E-235	714
I1RJD6	I1RJD6	1.000	513	0	0	1	513	1	513	0.000E+00	1281
Q6C2D9	Q6C2D9	1.000	381	0	0	1	381	1	381	9.305E-312	940
Q875K1	Q875K1	1.000	375	0	0	1	375	1	375	4.029E-307	926
P0A5Q1	A5U030	1.000	286	0	0	1	286	1	286	4.641E-229	694
P0A5Q1	P0A5Q1	1.000	286	0	0	1	286	1	286	4.641E-229	694
P0A5Q1	P9WPB0	1.000	286	0	0	1	286	1	286	4.641E-229	694
P0A5Q1	P9WPB1	1.000	286	0	0	1	286	1	286	4.641E-229	694
A9AWD7	A9AWD7	1.000	283	0	0	1	283	1	283	4.450E-226	685
A5U028	A5U028	1.000	293	0	0	1	293	1	293	1.248E-235	714
A5U028	P0CH91	1.000	293	0	0	1	293	1	293	1.248E-235	714
A5U028	Q7U1K0	1.000	293	0	0	1	293	1	293	1.248E-235	714
P0CT10	L7IP31	1.000	390	0	0	1	390	1	390	4.562E-315	951
P0CT10	P0CT10	1.000	390	0	0	1	390	1	390	4.562E-315	951
H2E7T8	H2E7T8	1.000	389	0	0	1	389	1	389	1.349E-319	963
Q6BRB7	Q6BRB7	1.000	377	0	0	1	377	1	377	1.680E-308	930
Q9LM02	Q9LM02	1.000	336	0	0	1	336	1	336	8.098E-277	835
Q9PAM5	Q9PAM5	1.000	246	0	0	1	246	1	246	3.801E-197	599
Q9PAM5	B0U3W1	0.975	246	6	0	1	246	1	246	3.522E-191	582
Q9PAM5	B2I705	0.971	246	7	0	1	246	1	246	1.106E-190	581
Q9PAM5	Q87BG5	0.971	246	7	0	1	246	1	246	1.106E-190	581
P9WPB7	A5U866	1.000	287	0	0	1	287	1	287	1.723E-231	701
P9WPB7	P9WPB7	1.000	287	0	0	1	287	1	287	1.723E-231	701
P9WPB7	P9WPB6	0.996	287	1	0	1	287	1	287	1.701E-230	698
Q87BG5	B2I705	1.000	246	0	0	1	246	1	246	2.563E-196	597
Q87BG5	Q87BG5	1.000	246	0	0	1	246	1	246	2.563E-196	597
Q87BG5	B0U3W1	0.987	246	3	0	1	246	1	246	1.707E-194	591
Q87BG5	Q9PAM5	0.971	246	7	0	1	246	1	246	1.106E-190	581
Q39227	Q39227	1.000	361	0	0	1	361	1	361	3.834E-295	890
P9WPB0	A5U030	1.000	286	0	0	1	286	1	286	4.641E-229	694
P9WPB0	P0A5Q1	1.000	286	0	0	1	286	1	286	4.641E-229	694
P9WPB0	P9WPB0	1.000	286	0	0	1	286	1	286	4.641E-229	694
P9WPB0	P9WPB1	1.000	286	0	0	1	286	1	286	4.641E-229	694
P0A9H7	P0A9H7	1.000	382	0	0	1	382	1	382	1.655E-316	953
P0A9H7	P0A9H8	1.000	382	0	0	1	382	1	382	1.655E-316	953
A0A1C9U5X7	A0A1C9U5X7	1.000	356	0	0	1	356	1	356	2.443E-281	851
Q7U1J9	Q7U1J9	1.000	287	0	0	1	287	1	287	1.176E-231	702
Q7U1J9	A5U029	0.996	287	1	0	1	287	1	287	1.162E-230	699
Q7U1J9	Q79FX6	0.996	287	1	0	1	287	1	287	1.162E-230	699
O14321	O14321	1.000	378	0	0	1	378	1	378	1.936E-309	933
A0A1C9U5X5	A0A1C9U5X5	1.000	363	0	0	1	363	1	363	7.065E-293	884
P31049	P31049	1.000	394	0	0	1	394	1	394	4.941E-324	977
P9WPB6	P9WPB6	1.000	287	0	0	1	287	1	287	8.032E-232	702
P9WPB6	A5U866	0.996	287	1	0	1	287	1	287	1.701E-230	698
P9WPB6	P9WPB7	0.996	287	1	0	1	287	1	287	1.701E-230	698
C0RFB8	C0RFB8	1.000	248	0	0	1	248	1	248	3.314E-196	597
C0RFB8	Q8YJ98	1.000	248	0	0	1	248	1	248	3.314E-196	597
C0RFB8	A5VSK3	0.995	248	1	0	1	248	1	248	2.234E-195	594
C0RFB8	A9M8K8	0.995	248	1	0	1	248	1	248	2.234E-195	594
C0RFB8	B0CIC6	0.995	248	1	0	1	248	1	248	2.234E-195	594
C0RFB8	B2S828	0.995	248	1	0	1	248	1	248	2.234E-195	594
C0RFB8	Q2YLN5	0.995	248	1	0	1	248	1	248	2.234E-195	594
C0RFB8	Q8FYK0	0.995	248	1	0	1	248	1	248	2.234E-195	594
A5U027	A5U027	1.000	301	0	0	1	301	1	301	1.848E-245	742
A5U027	Q79FX8	1.000	301	0	0	1	301	1	301	1.848E-245	742
A5U027	Q7U1K1	0.996	301	1	0	1	301	1	301	1.825E-244	740
Q7U1K0	A5U028	1.000	293	0	0	1	293	1	293	1.248E-235	714
Q7U1K0	P0CH91	1.000	293	0	0	1	293	1	293	1.248E-235	714
Q7U1K0	Q7U1K0	1.000	293	0	0	1	293	1	293	1.248E-235	714
O69687	O69687	1.000	427	0	0	1	427	1	427	0.000E+00	1056
H2E7T7	H2E7T7	1.000	379	0	0	1	379	1	379	3.224E-309	932
Q49807	Q49807	1.000	308	0	0	1	308	1	308	7.280E-252	761
H2E7T9	H2E7T9	1.000	389	0	0	1	389	1	389	1.949E-318	960
Q7XB08	Q7XB08	1.000	351	0	0	1	351	1	351	4.109E-282	852
L0E172	L0E172	1.000	326	0	0	1	326	1	326	5.483E-258	781
P9WPB2	P9WPB2	1.000	287	0	0	1	287	1	287	5.622E-234	708
P9WPB2	P9WPB3	1.000	287	0	0	1	287	1	287	5.622E-234	708
A5U866	A5U866	1.000	287	0	0	1	287	1	287	1.723E-231	701
A5U866	P9WPB7	1.000	287	0	0	1	287	1	287	1.723E-231	701
A5U866	P9WPB6	0.996	287	1	0	1	287	1	287	1.701E-230	698
Q22993	Q22993	1.000	437	0	0	1	437	1	437	0.000E+00	1055
L7IP31	L7IP31	1.000	390	0	0	1	390	1	390	4.562E-315	951
L7IP31	P0CT10	1.000	390	0	0	1	390	1	390	4.562E-315	951
Q79FX8	A5U027	1.000	301	0	0	1	301	1	301	1.848E-245	742
Q79FX8	Q79FX8	1.000	301	0	0	1	301	1	301	1.848E-245	742
Q79FX8	Q7U1K1	0.996	301	1	0	1	301	1	301	1.825E-244	740
C3SBS8	C3SBS8	1.000	350	0	0	1	350	1	350	1.731E-284	859
Q94JS4	Q94JS4	1.000	359	0	0	1	359	1	359	9.312E-295	889
P0A9H8	P0A9H7	1.000	382	0	0	1	382	1	382	1.655E-316	953
P0A9H8	P0A9H8	1.000	382	0	0	1	382	1	382	1.655E-316	953
O82427	O82427	1.000	363	0	0	1	363	1	363	1.599E-296	895
A9M8K8	A5VSK3	1.000	248	0	0	1	248	1	248	4.855E-196	596
A9M8K8	A9M8K8	1.000	248	0	0	1	248	1	248	4.855E-196	596
A9M8K8	B0CIC6	1.000	248	0	0	1	248	1	248	4.855E-196	596
A9M8K8	B2S828	1.000	248	0	0	1	248	1	248	4.855E-196	596
A9M8K8	Q2YLN5	1.000	248	0	0	1	248	1	248	4.855E-196	596
A9M8K8	Q8FYK0	1.000	248	0	0	1	248	1	248	4.855E-196	596
A9M8K8	C0RFB8	0.995	248	1	0	1	248	1	248	2.234E-195	594
A9M8K8	Q8YJ98	0.995	248	1	0	1	248	1	248	2.234E-195	594
