A0A1C9U5X7	A0A1C9U5X7	1.000	356	0	0	1	356	1	356	3.397E-281	851
Q97WC7	Q97WC7	1.000	199	0	0	1	199	1	199	2.177E-150	461
Q97WC7	C3NJQ5	0.909	198	18	0	1	198	1	198	8.532E-139	429
Q97WC7	C3MJI5	0.909	198	18	0	1	198	1	198	1.828E-138	428
Q97WC7	C3MTW8	0.909	198	18	0	1	198	1	198	1.828E-138	428
Q97WC7	C3N0H8	0.909	198	18	0	1	198	1	198	1.828E-138	428
Q97WC7	C3N8G6	0.909	198	18	0	1	198	1	198	1.828E-138	428
Q97WC7	C4KJM8	0.909	198	18	0	1	198	1	198	1.828E-138	428
Q875K1	Q875K1	1.000	375	0	0	1	375	1	375	5.603E-307	926
Q3BSF8	Q3BSF8	1.000	239	0	0	1	239	1	239	6.038E-188	572
Q3BSF8	B2SHS9	0.941	239	14	0	1	239	1	239	7.484E-176	539
Q3BSF8	Q2P2C4	0.941	239	14	0	1	239	1	239	7.484E-176	539
Q3BSF8	Q5GZB5	0.941	239	14	0	1	239	1	239	7.484E-176	539
Q3BSF8	B0RS27	0.907	239	22	0	1	239	1	239	1.457E-169	521
Q3BSF8	Q4UVL4	0.907	239	22	0	1	239	1	239	1.457E-169	521
Q3BSF8	Q8P8H2	0.907	239	22	0	1	239	1	239	1.457E-169	521
A0A0A2IBN3	A0A0A2IBN3	1.000	276	0	0	1	276	1	276	1.003E-214	653
Q2YLN5	A5VSK3	1.000	248	0	0	1	248	1	248	6.744E-196	596
Q2YLN5	A9M8K8	1.000	248	0	0	1	248	1	248	6.744E-196	596
Q2YLN5	B0CIC6	1.000	248	0	0	1	248	1	248	6.744E-196	596
Q2YLN5	B2S828	1.000	248	0	0	1	248	1	248	6.744E-196	596
Q2YLN5	Q2YLN5	1.000	248	0	0	1	248	1	248	6.744E-196	596
Q2YLN5	Q8FYK0	1.000	248	0	0	1	248	1	248	6.744E-196	596
Q2YLN5	C0RFB8	0.995	248	1	0	1	248	1	248	3.104E-195	594
Q2YLN5	Q8YJ98	0.995	248	1	0	1	248	1	248	3.104E-195	594
B2VIL6	B2VIL6	1.000	243	0	0	1	243	1	243	1.153E-198	603
Q87BG5	B2I705	1.000	246	0	0	1	246	1	246	3.561E-196	597
Q87BG5	Q87BG5	1.000	246	0	0	1	246	1	246	3.561E-196	597
Q87BG5	B0U3W1	0.987	246	3	0	1	246	1	246	2.371E-194	591
Q87BG5	Q9PAM5	0.971	246	7	0	1	246	1	246	1.537E-190	581
Q49807	Q49807	1.000	308	0	0	1	308	1	308	1.012E-251	761
P9WPB6	P9WPB6	1.000	287	0	0	1	287	1	287	1.116E-231	702
P9WPB6	A5U866	0.996	287	1	0	1	287	1	287	2.364E-230	698
P9WPB6	P9WPB7	0.996	287	1	0	1	287	1	287	2.364E-230	698
P0A9H7	P0A9H7	1.000	382	0	0	1	382	1	382	2.301E-316	953
P0A9H7	P0A9H8	1.000	382	0	0	1	382	1	382	2.301E-316	953
Q5GZB5	B2SHS9	1.000	239	0	0	1	239	1	239	8.844E-188	572
Q5GZB5	Q2P2C4	1.000	239	0	0	1	239	1	239	8.844E-188	572
Q5GZB5	Q5GZB5	1.000	239	0	0	1	239	1	239	8.844E-188	572
Q5GZB5	Q3BSF8	0.941	239	14	0	1	239	1	239	7.484E-176	539
Q5GZB5	B0RS27	0.912	239	21	0	1	239	1	239	6.799E-170	522
Q5GZB5	Q4UVL4	0.912	239	21	0	1	239	1	239	6.799E-170	522
Q5GZB5	Q8P8H2	0.912	239	21	0	1	239	1	239	6.799E-170	522
B7IBN2	B0V5X4	1.000	237	0	0	1	237	1	237	3.343E-192	584
B7IBN2	B7H2Y9	1.000	237	0	0	1	237	1	237	3.343E-192	584
B7IBN2	B7IBN2	1.000	237	0	0	1	237	1	237	3.343E-192	584
B7IBN2	B0VMN8	0.995	236	1	0	1	236	1	236	2.256E-191	582
B7IBN2	B2I023	0.991	236	2	0	1	236	1	236	3.305E-191	581
B7IBN2	Q6FFY1	0.927	236	17	0	1	236	1	236	4.149E-179	547
B2S828	A5VSK3	1.000	248	0	0	1	248	1	248	6.744E-196	596
B2S828	A9M8K8	1.000	248	0	0	1	248	1	248	6.744E-196	596
B2S828	B0CIC6	1.000	248	0	0	1	248	1	248	6.744E-196	596
B2S828	B2S828	1.000	248	0	0	1	248	1	248	6.744E-196	596
B2S828	Q2YLN5	1.000	248	0	0	1	248	1	248	6.744E-196	596
B2S828	Q8FYK0	1.000	248	0	0	1	248	1	248	6.744E-196	596
B2S828	C0RFB8	0.995	248	1	0	1	248	1	248	3.104E-195	594
B2S828	Q8YJ98	0.995	248	1	0	1	248	1	248	3.104E-195	594
Q9ZCT9	Q9ZCT9	1.000	252	0	0	1	252	1	252	3.724E-199	606
D5DIV9	D5DIV9	1.000	274	0	0	1	274	1	274	1.185E-217	661
Q94JS4	Q94JS4	1.000	359	0	0	1	359	1	359	1.295E-294	889
P9WPB7	A5U866	1.000	287	0	0	1	287	1	287	2.395E-231	701
P9WPB7	P9WPB7	1.000	287	0	0	1	287	1	287	2.395E-231	701
P9WPB7	P9WPB6	0.996	287	1	0	1	287	1	287	2.364E-230	698
C3SBS8	C3SBS8	1.000	350	0	0	1	350	1	350	2.407E-284	859
I1RNL0	I1RNL0	1.000	521	0	0	1	521	1	521	0.000E+00	1308
A5U030	A5U030	1.000	286	0	0	1	286	1	286	6.450E-229	694
A5U030	P0A5Q1	1.000	286	0	0	1	286	1	286	6.450E-229	694
A5U030	P9WPB0	1.000	286	0	0	1	286	1	286	6.450E-229	694
A5U030	P9WPB1	1.000	286	0	0	1	286	1	286	6.450E-229	694
O82427	O82427	1.000	363	0	0	1	363	1	363	2.223E-296	895
Q8FYK0	A5VSK3	1.000	248	0	0	1	248	1	248	6.744E-196	596
Q8FYK0	A9M8K8	1.000	248	0	0	1	248	1	248	6.744E-196	596
Q8FYK0	B0CIC6	1.000	248	0	0	1	248	1	248	6.744E-196	596
Q8FYK0	B2S828	1.000	248	0	0	1	248	1	248	6.744E-196	596
Q8FYK0	Q2YLN5	1.000	248	0	0	1	248	1	248	6.744E-196	596
Q8FYK0	Q8FYK0	1.000	248	0	0	1	248	1	248	6.744E-196	596
Q8FYK0	C0RFB8	0.995	248	1	0	1	248	1	248	3.104E-195	594
Q8FYK0	Q8YJ98	0.995	248	1	0	1	248	1	248	3.104E-195	594
P31049	P31049	1.000	394	0	0	1	394	1	394	4.941E-324	977
A9M0C4	A9M0C4	1.000	238	0	0	1	238	1	238	8.260E-193	586
A9M0C4	Q9JXI7	0.995	238	1	0	1	238	1	238	1.752E-191	582
A9M0C4	Q9JWE6	0.987	238	3	0	1	238	1	238	7.973E-190	578
Q9FR44	Q9FR44	1.000	491	0	0	1	491	1	491	0.000E+00	1204
P0A5P1	P0A5P1	1.000	302	0	0	1	302	1	302	6.505E-248	750
P0A5P1	P9WPB4	1.000	302	0	0	1	302	1	302	6.505E-248	750
P0A5P1	P9WPB5	1.000	302	0	0	1	302	1	302	6.505E-248	750
Q5APD4	Q5APD4	1.000	513	0	0	1	513	1	513	0.000E+00	1291
P25087	P25087	1.000	383	0	0	1	383	1	383	1.142E-311	940
P9WPB5	P0A5P1	1.000	302	0	0	1	302	1	302	6.505E-248	750
P9WPB5	P9WPB4	1.000	302	0	0	1	302	1	302	6.505E-248	750
P9WPB5	P9WPB5	1.000	302	0	0	1	302	1	302	6.505E-248	750
Q759S7	Q759S7	1.000	373	0	0	1	373	1	373	1.864E-301	910
A9AWD7	A9AWD7	1.000	283	0	0	1	283	1	283	6.184E-226	685
C3MTW8	C3MJI5	1.000	199	0	0	1	199	1	199	6.929E-151	463
C3MTW8	C3MTW8	1.000	199	0	0	1	199	1	199	6.929E-151	463
C3MTW8	C3N0H8	1.000	199	0	0	1	199	1	199	6.929E-151	463
C3MTW8	C3N8G6	1.000	199	0	0	1	199	1	199	6.929E-151	463
C3MTW8	C4KJM8	1.000	199	0	0	1	199	1	199	6.929E-151	463
C3MTW8	C3NJQ5	0.994	199	1	0	1	199	1	199	3.189E-150	461
C3MTW8	Q97WC7	0.909	198	18	0	1	198	1	198	1.828E-138	428
P9WPB1	A5U030	1.000	286	0	0	1	286	1	286	6.450E-229	694
P9WPB1	P0A5Q1	1.000	286	0	0	1	286	1	286	6.450E-229	694
P9WPB1	P9WPB0	1.000	286	0	0	1	286	1	286	6.450E-229	694
P9WPB1	P9WPB1	1.000	286	0	0	1	286	1	286	6.450E-229	694
Q6ZIX2	Q6ZIX2	1.000	344	0	0	1	344	1	344	2.326E-282	852
A7Z722	A7Z722	1.000	213	0	0	1	213	1	213	2.452E-169	516
H2E7T8	H2E7T8	1.000	389	0	0	1	389	1	389	1.876E-319	963
P9WPB2	P9WPB2	1.000	287	0	0	1	287	1	287	7.812E-234	708
P9WPB2	P9WPB3	1.000	287	0	0	1	287	1	287	7.812E-234	708
Q3JPX1	Q3JPX1	1.000	232	0	0	1	232	1	232	5.078E-185	563
Q3JPX1	Q62M18	1.000	232	0	0	1	232	1	232	5.078E-185	563
Q3JPX1	Q63RZ8	1.000	232	0	0	1	232	1	232	5.078E-185	563
H2E7T7	H2E7T7	1.000	379	0	0	1	379	1	379	4.484E-309	932
Q63RZ8	Q3JPX1	1.000	232	0	0	1	232	1	232	5.078E-185	563
Q63RZ8	Q62M18	1.000	232	0	0	1	232	1	232	5.078E-185	563
Q63RZ8	Q63RZ8	1.000	232	0	0	1	232	1	232	5.078E-185	563
B7H2Y9	B0V5X4	1.000	237	0	0	1	237	1	237	3.343E-192	584
B7H2Y9	B7H2Y9	1.000	237	0	0	1	237	1	237	3.343E-192	584
B7H2Y9	B7IBN2	1.000	237	0	0	1	237	1	237	3.343E-192	584
B7H2Y9	B0VMN8	0.995	236	1	0	1	236	1	236	2.256E-191	582
B7H2Y9	B2I023	0.991	236	2	0	1	236	1	236	3.305E-191	581
B7H2Y9	Q6FFY1	0.927	236	17	0	1	236	1	236	4.149E-179	547
Q6MX39	Q6MX39	1.000	286	0	0	1	286	1	286	1.384E-228	693
Q4UVL4	B0RS27	1.000	239	0	0	1	239	1	239	4.123E-188	573
Q4UVL4	Q4UVL4	1.000	239	0	0	1	239	1	239	4.123E-188	573
Q4UVL4	Q8P8H2	1.000	239	0	0	1	239	1	239	4.123E-188	573
Q4UVL4	B2SHS9	0.912	239	21	0	1	239	1	239	6.799E-170	522
Q4UVL4	Q2P2C4	0.912	239	21	0	1	239	1	239	6.799E-170	522
Q4UVL4	Q5GZB5	0.912	239	21	0	1	239	1	239	6.799E-170	522
Q4UVL4	Q3BSF8	0.907	239	22	0	1	239	1	239	1.457E-169	521
G0FUS0	G0FUS0	1.000	272	0	0	1	272	1	272	2.843E-216	657
Q7U1J9	Q7U1J9	1.000	287	0	0	1	287	1	287	1.635E-231	702
Q7U1J9	A5U029	0.996	287	1	0	1	287	1	287	1.614E-230	699
Q7U1J9	Q79FX6	0.996	287	1	0	1	287	1	287	1.614E-230	699
O74198	O74198	1.000	376	0	0	1	376	1	376	9.580E-309	931
O14321	O14321	1.000	378	0	0	1	378	1	378	2.693E-309	933
Q83WC3	Q83WC3	1.000	277	0	0	1	277	1	277	9.412E-230	695
C3SBW0	C3SBW0	1.000	356	0	0	1	356	1	356	3.794E-289	873
H2E7T9	H2E7T9	1.000	389	0	0	1	389	1	389	2.711E-318	960
Q9KJ21	Q9KJ21	1.000	279	0	0	1	279	1	279	8.325E-230	696
Q7U1K1	Q7U1K1	1.000	301	0	0	1	301	1	301	5.510E-245	741
Q7U1K1	A5U027	0.996	301	1	0	1	301	1	301	2.536E-244	740
Q7U1K1	Q79FX8	0.996	301	1	0	1	301	1	301	2.536E-244	740
A0A0E0SMA3	A0A0E0SMA3	1.000	380	0	0	1	380	1	380	3.481E-309	933
I1RGC4	I1RGC4	1.000	381	0	0	1	381	1	381	1.946E-313	945
B2I705	B2I705	1.000	246	0	0	1	246	1	246	3.561E-196	597
B2I705	Q87BG5	1.000	246	0	0	1	246	1	246	3.561E-196	597
B2I705	B0U3W1	0.987	246	3	0	1	246	1	246	2.371E-194	591
B2I705	Q9PAM5	0.971	246	7	0	1	246	1	246	1.537E-190	581
Q10162	Q10162	1.000	268	0	0	1	268	1	268	2.306E-210	640
A5U028	A5U028	1.000	293	0	0	1	293	1	293	1.734E-235	714
A5U028	P0CH91	1.000	293	0	0	1	293	1	293	1.734E-235	714
A5U028	Q7U1K0	1.000	293	0	0	1	293	1	293	1.734E-235	714
B2I023	B2I023	1.000	237	0	0	1	237	1	237	3.343E-192	584
B2I023	B0VMN8	0.995	237	1	0	1	237	1	237	4.898E-192	584
B2I023	B0V5X4	0.991	236	2	0	1	236	1	236	3.305E-191	581
B2I023	B7H2Y9	0.991	236	2	0	1	236	1	236	3.305E-191	581
B2I023	B7IBN2	0.991	236	2	0	1	236	1	236	3.305E-191	581
B2I023	Q6FFY1	0.923	236	18	0	1	236	1	236	4.149E-179	547
A5U866	A5U866	1.000	287	0	0	1	287	1	287	2.395E-231	701
A5U866	P9WPB7	1.000	287	0	0	1	287	1	287	2.395E-231	701
A5U866	P9WPB6	0.996	287	1	0	1	287	1	287	2.364E-230	698
B0CIC6	A5VSK3	1.000	248	0	0	1	248	1	248	6.744E-196	596
B0CIC6	A9M8K8	1.000	248	0	0	1	248	1	248	6.744E-196	596
B0CIC6	B0CIC6	1.000	248	0	0	1	248	1	248	6.744E-196	596
B0CIC6	B2S828	1.000	248	0	0	1	248	1	248	6.744E-196	596
B0CIC6	Q2YLN5	1.000	248	0	0	1	248	1	248	6.744E-196	596
B0CIC6	Q8FYK0	1.000	248	0	0	1	248	1	248	6.744E-196	596
B0CIC6	C0RFB8	0.995	248	1	0	1	248	1	248	3.104E-195	594
B0CIC6	Q8YJ98	0.995	248	1	0	1	248	1	248	3.104E-195	594
C3N0H8	C3MJI5	1.000	199	0	0	1	199	1	199	6.929E-151	463
C3N0H8	C3MTW8	1.000	199	0	0	1	199	1	199	6.929E-151	463
C3N0H8	C3N0H8	1.000	199	0	0	1	199	1	199	6.929E-151	463
C3N0H8	C3N8G6	1.000	199	0	0	1	199	1	199	6.929E-151	463
C3N0H8	C4KJM8	1.000	199	0	0	1	199	1	199	6.929E-151	463
C3N0H8	C3NJQ5	0.994	199	1	0	1	199	1	199	3.189E-150	461
C3N0H8	Q97WC7	0.909	198	18	0	1	198	1	198	1.828E-138	428
P9WPB0	A5U030	1.000	286	0	0	1	286	1	286	6.450E-229	694
P9WPB0	P0A5Q1	1.000	286	0	0	1	286	1	286	6.450E-229	694
P9WPB0	P9WPB0	1.000	286	0	0	1	286	1	286	6.450E-229	694
P9WPB0	P9WPB1	1.000	286	0	0	1	286	1	286	6.450E-229	694
Q9LM02	Q9LM02	1.000	336	0	0	1	336	1	336	1.126E-276	835
Q6C2D9	Q6C2D9	1.000	381	0	0	1	381	1	381	1.294E-311	940
P0CH91	A5U028	1.000	293	0	0	1	293	1	293	1.734E-235	714
P0CH91	P0CH91	1.000	293	0	0	1	293	1	293	1.734E-235	714
P0CH91	Q7U1K0	1.000	293	0	0	1	293	1	293	1.734E-235	714
I1RJD6	I1RJD6	1.000	513	0	0	1	513	1	513	0.000E+00	1281
Q39227	Q39227	1.000	361	0	0	1	361	1	361	5.331E-295	890
C3NJQ5	C3NJQ5	1.000	199	0	0	1	199	1	199	1.015E-150	462
C3NJQ5	C3MJI5	0.994	199	1	0	1	199	1	199	3.189E-150	461
C3NJQ5	C3MTW8	0.994	199	1	0	1	199	1	199	3.189E-150	461
C3NJQ5	C3N0H8	0.994	199	1	0	1	199	1	199	3.189E-150	461
C3NJQ5	C3N8G6	0.994	199	1	0	1	199	1	199	3.189E-150	461
C3NJQ5	C4KJM8	0.994	199	1	0	1	199	1	199	3.189E-150	461
C3NJQ5	Q97WC7	0.909	198	18	0	1	198	1	198	8.532E-139	429
B0VMN8	B0VMN8	1.000	237	0	0	1	237	1	237	3.343E-192	584
B0VMN8	B2I023	0.995	237	1	0	1	237	1	237	4.898E-192	584
B0VMN8	B0V5X4	0.995	236	1	0	1	236	1	236	2.256E-191	582
B0VMN8	B7H2Y9	0.995	236	1	0	1	236	1	236	2.256E-191	582
B0VMN8	B7IBN2	0.995	236	1	0	1	236	1	236	2.256E-191	582
B0VMN8	Q6FFY1	0.927	236	17	0	1	236	1	236	2.833E-179	548
Q1RJC7	A8GX11	1.000	240	0	0	1	240	1	240	2.212E-189	577
Q1RJC7	Q1RJC7	1.000	240	0	0	1	240	1	240	2.212E-189	577
Q98G87	Q98G87	1.000	249	0	0	1	249	1	249	7.765E-197	599
A9M8K8	A5VSK3	1.000	248	0	0	1	248	1	248	6.744E-196	596
A9M8K8	A9M8K8	1.000	248	0	0	1	248	1	248	6.744E-196	596
A9M8K8	B0CIC6	1.000	248	0	0	1	248	1	248	6.744E-196	596
A9M8K8	B2S828	1.000	248	0	0	1	248	1	248	6.744E-196	596
A9M8K8	Q2YLN5	1.000	248	0	0	1	248	1	248	6.744E-196	596
A9M8K8	Q8FYK0	1.000	248	0	0	1	248	1	248	6.744E-196	596
A9M8K8	C0RFB8	0.995	248	1	0	1	248	1	248	3.104E-195	594
A9M8K8	Q8YJ98	0.995	248	1	0	1	248	1	248	3.104E-195	594
B2SHS9	B2SHS9	1.000	239	0	0	1	239	1	239	8.844E-188	572
B2SHS9	Q2P2C4	1.000	239	0	0	1	239	1	239	8.844E-188	572
B2SHS9	Q5GZB5	1.000	239	0	0	1	239	1	239	8.844E-188	572
B2SHS9	Q3BSF8	0.941	239	14	0	1	239	1	239	7.484E-176	539
B2SHS9	B0RS27	0.912	239	21	0	1	239	1	239	6.799E-170	522
B2SHS9	Q4UVL4	0.912	239	21	0	1	239	1	239	6.799E-170	522
B2SHS9	Q8P8H2	0.912	239	21	0	1	239	1	239	6.799E-170	522
L7IP31	L7IP31	1.000	390	0	0	1	390	1	390	6.345E-315	951
L7IP31	P0CT10	1.000	390	0	0	1	390	1	390	6.345E-315	951
C3N8G6	C3MJI5	1.000	199	0	0	1	199	1	199	6.929E-151	463
C3N8G6	C3MTW8	1.000	199	0	0	1	199	1	199	6.929E-151	463
C3N8G6	C3N0H8	1.000	199	0	0	1	199	1	199	6.929E-151	463
C3N8G6	C3N8G6	1.000	199	0	0	1	199	1	199	6.929E-151	463
C3N8G6	C4KJM8	1.000	199	0	0	1	199	1	199	6.929E-151	463
C3N8G6	C3NJQ5	0.994	199	1	0	1	199	1	199	3.189E-150	461
C3N8G6	Q97WC7	0.909	198	18	0	1	198	1	198	1.828E-138	428
C4R7Z3	C4R7Z3	1.000	489	0	0	1	489	1	489	0.000E+00	1211
Q9M571	Q9M571	1.000	494	0	0	1	494	1	494	0.000E+00	1205
Q22993	Q22993	1.000	437	0	0	1	437	1	437	0.000E+00	1055
C3SBU5	C3SBU5	1.000	358	0	0	1	358	1	358	3.303E-288	871
C3SBU5	Q108P1	0.983	358	6	0	1	358	1	358	1.436E-283	858
P0CT10	L7IP31	1.000	390	0	0	1	390	1	390	6.345E-315	951
P0CT10	P0CT10	1.000	390	0	0	1	390	1	390	6.345E-315	951
Q7U4Z9	Q7U4Z9	1.000	280	0	0	1	280	1	280	4.206E-226	685
Q9C6B9	Q9C6B9	1.000	490	0	0	1	490	1	490	0.000E+00	1209
Q7XB08	Q7XB08	1.000	351	0	0	1	351	1	351	5.714E-282	852
Q92H07	Q92H07	1.000	289	0	0	1	289	1	289	9.600E-230	697
Q6BRB7	Q6BRB7	1.000	377	0	0	1	377	1	377	2.337E-308	930
H2E7T5	H2E7T5	1.000	378	0	0	1	378	1	378	1.887E-311	939
Q54I98	Q54I98	1.000	354	0	0	1	354	1	354	6.213E-288	870
Q79FX8	A5U027	1.000	301	0	0	1	301	1	301	2.568E-245	742
Q79FX8	Q79FX8	1.000	301	0	0	1	301	1	301	2.568E-245	742
Q79FX8	Q7U1K1	0.996	301	1	0	1	301	1	301	2.536E-244	740
Q6FFY1	Q6FFY1	1.000	238	0	0	1	238	1	238	5.703E-194	589
Q6FFY1	B0VMN8	0.927	236	17	0	1	236	1	236	3.216E-179	548
Q6FFY1	B0V5X4	0.927	236	17	0	1	236	1	236	4.710E-179	547
Q6FFY1	B7H2Y9	0.927	236	17	0	1	236	1	236	4.710E-179	547
Q6FFY1	B7IBN2	0.927	236	17	0	1	236	1	236	4.710E-179	547
Q6FFY1	B2I023	0.923	236	18	0	1	236	1	236	4.710E-179	547
A8EY40	A8EY40	1.000	236	0	0	1	236	1	236	8.812E-188	572
A8EY40	Q4UME7	0.902	236	23	0	1	236	1	236	6.736E-169	519
Q8YJ98	C0RFB8	1.000	248	0	0	1	248	1	248	4.604E-196	597
Q8YJ98	Q8YJ98	1.000	248	0	0	1	248	1	248	4.604E-196	597
Q8YJ98	A5VSK3	0.995	248	1	0	1	248	1	248	3.104E-195	594
Q8YJ98	A9M8K8	0.995	248	1	0	1	248	1	248	3.104E-195	594
Q8YJ98	B0CIC6	0.995	248	1	0	1	248	1	248	3.104E-195	594
Q8YJ98	B2S828	0.995	248	1	0	1	248	1	248	3.104E-195	594
Q8YJ98	Q2YLN5	0.995	248	1	0	1	248	1	248	3.104E-195	594
Q8YJ98	Q8FYK0	0.995	248	1	0	1	248	1	248	3.104E-195	594
H2E7U0	H2E7U0	1.000	392	0	0	1	392	1	392	4.200E-322	971
Q8P8H2	B0RS27	1.000	239	0	0	1	239	1	239	4.123E-188	573
Q8P8H2	Q4UVL4	1.000	239	0	0	1	239	1	239	4.123E-188	573
Q8P8H2	Q8P8H2	1.000	239	0	0	1	239	1	239	4.123E-188	573
Q8P8H2	B2SHS9	0.912	239	21	0	1	239	1	239	6.799E-170	522
Q8P8H2	Q2P2C4	0.912	239	21	0	1	239	1	239	6.799E-170	522
Q8P8H2	Q5GZB5	0.912	239	21	0	1	239	1	239	6.799E-170	522
Q8P8H2	Q3BSF8	0.907	239	22	0	1	239	1	239	1.457E-169	521
Q6FRZ7	Q6FRZ7	1.000	372	0	0	1	372	1	372	5.363E-304	917
Q9TYP1	Q9TYP1	1.000	334	0	0	1	334	1	334	3.806E-272	822
C3SBU4	C3SBU4	1.000	358	0	0	1	358	1	358	1.604E-291	880
A5U029	A5U029	1.000	287	0	0	1	287	1	287	1.116E-231	702
A5U029	Q79FX6	1.000	287	0	0	1	287	1	287	1.116E-231	702
A5U029	Q7U1J9	0.996	287	1	0	1	287	1	287	1.614E-230	699
Q9PAM5	Q9PAM5	1.000	246	0	0	1	246	1	246	5.280E-197	599
Q9PAM5	B0U3W1	0.975	246	6	0	1	246	1	246	4.893E-191	582
Q9PAM5	B2I705	0.971	246	7	0	1	246	1	246	1.537E-190	581
Q9PAM5	Q87BG5	0.971	246	7	0	1	246	1	246	1.537E-190	581
B0V5X4	B0V5X4	1.000	237	0	0	1	237	1	237	3.343E-192	584
B0V5X4	B7H2Y9	1.000	237	0	0	1	237	1	237	3.343E-192	584
B0V5X4	B7IBN2	1.000	237	0	0	1	237	1	237	3.343E-192	584
B0V5X4	B0VMN8	0.995	236	1	0	1	236	1	236	2.256E-191	582
B0V5X4	B2I023	0.991	236	2	0	1	236	1	236	3.305E-191	581
B0V5X4	Q6FFY1	0.927	236	17	0	1	236	1	236	4.149E-179	547
O53732	O53732	1.000	427	0	0	1	427	1	427	0.000E+00	1038
Q108P1	Q108P1	1.000	358	0	0	1	358	1	358	1.540E-288	872
Q108P1	C3SBU5	0.983	358	6	0	1	358	1	358	1.436E-283	858
A0A1C9U5X5	A0A1C9U5X5	1.000	363	0	0	1	363	1	363	9.825E-293	884
B0RS27	B0RS27	1.000	239	0	0	1	239	1	239	4.123E-188	573
B0RS27	Q4UVL4	1.000	239	0	0	1	239	1	239	4.123E-188	573
B0RS27	Q8P8H2	1.000	239	0	0	1	239	1	239	4.123E-188	573
B0RS27	B2SHS9	0.912	239	21	0	1	239	1	239	6.799E-170	522
B0RS27	Q2P2C4	0.912	239	21	0	1	239	1	239	6.799E-170	522
B0RS27	Q5GZB5	0.912	239	21	0	1	239	1	239	6.799E-170	522
B0RS27	Q3BSF8	0.907	239	22	0	1	239	1	239	1.457E-169	521
A8GGX8	A8GGX8	1.000	241	0	0	1	241	1	241	1.275E-196	597
Q9JWE6	Q9JWE6	1.000	238	0	0	1	238	1	238	2.627E-193	587
Q9JWE6	Q9JXI7	0.991	238	2	0	1	238	1	238	8.165E-192	583
Q9JWE6	A9M0C4	0.987	238	3	0	1	238	1	238	7.973E-190	578
Q8CUK1	Q8CUK1	1.000	213	0	0	1	213	1	213	5.200E-168	513
Q4W9V1	Q4W9V1	1.000	377	0	0	1	377	1	377	5.349E-313	943
Q8KZ94	Q8KZ94	1.000	283	0	0	1	283	1	283	1.206E-218	665
P0A5Q1	A5U030	1.000	286	0	0	1	286	1	286	6.450E-229	694
P0A5Q1	P0A5Q1	1.000	286	0	0	1	286	1	286	6.450E-229	694
P0A5Q1	P9WPB0	1.000	286	0	0	1	286	1	286	6.450E-229	694
P0A5Q1	P9WPB1	1.000	286	0	0	1	286	1	286	6.450E-229	694
A4SM99	A4SM99	1.000	238	0	0	1	238	1	238	1.752E-191	582
Q944H0	Q944H0	1.000	491	0	0	1	491	1	491	0.000E+00	1204
Q9JXI7	Q9JXI7	1.000	238	0	0	1	238	1	238	1.793E-193	588
Q9JXI7	Q9JWE6	0.991	238	2	0	1	238	1	238	8.165E-192	583
Q9JXI7	A9M0C4	0.995	238	1	0	1	238	1	238	1.752E-191	582
Q06528	Q06528	1.000	356	0	0	1	356	1	356	4.760E-278	842
Q06528	Q55216	0.971	356	10	0	1	356	1	356	6.357E-272	825
Q5C9L6	Q5C9L6	1.000	361	0	0	1	361	1	361	7.501E-292	882
Q2P2C4	B2SHS9	1.000	239	0	0	1	239	1	239	8.844E-188	572
Q2P2C4	Q2P2C4	1.000	239	0	0	1	239	1	239	8.844E-188	572
Q2P2C4	Q5GZB5	1.000	239	0	0	1	239	1	239	8.844E-188	572
Q2P2C4	Q3BSF8	0.941	239	14	0	1	239	1	239	7.484E-176	539
Q2P2C4	B0RS27	0.912	239	21	0	1	239	1	239	6.799E-170	522
Q2P2C4	Q4UVL4	0.912	239	21	0	1	239	1	239	6.799E-170	522
Q2P2C4	Q8P8H2	0.912	239	21	0	1	239	1	239	6.799E-170	522
A8MGS9	A8MGS9	1.000	216	0	0	1	216	1	216	5.475E-172	524
Q4UME7	Q4UME7	1.000	244	0	0	1	244	1	244	5.835E-195	593
Q4UME7	A8EY40	0.902	236	23	0	1	236	1	236	1.816E-168	519
L0E172	L0E172	1.000	326	0	0	1	326	1	326	7.623E-258	781
C5D4V7	C5D4V7	1.000	247	0	0	1	247	1	247	1.957E-199	606
A8GPB1	A8GPB1	1.000	251	0	0	1	251	1	251	1.029E-198	604
C4KJM8	C3MJI5	1.000	199	0	0	1	199	1	199	6.929E-151	463
C4KJM8	C3MTW8	1.000	199	0	0	1	199	1	199	6.929E-151	463
C4KJM8	C3N0H8	1.000	199	0	0	1	199	1	199	6.929E-151	463
C4KJM8	C3N8G6	1.000	199	0	0	1	199	1	199	6.929E-151	463
C4KJM8	C4KJM8	1.000	199	0	0	1	199	1	199	6.929E-151	463
C4KJM8	C3NJQ5	0.994	199	1	0	1	199	1	199	3.189E-150	461
C4KJM8	Q97WC7	0.909	198	18	0	1	198	1	198	1.828E-138	428
Q55216	Q55216	1.000	356	0	0	1	356	1	356	1.020E-277	841
Q55216	Q06528	0.971	356	10	0	1	356	1	356	6.357E-272	825
Q6CYB3	Q6CYB3	1.000	371	0	0	1	371	1	371	2.085E-300	907
Q11E01	Q11E01	1.000	253	0	0	1	253	1	253	6.281E-200	608
C3MJI5	C3MJI5	1.000	199	0	0	1	199	1	199	6.929E-151	463
C3MJI5	C3MTW8	1.000	199	0	0	1	199	1	199	6.929E-151	463
C3MJI5	C3N0H8	1.000	199	0	0	1	199	1	199	6.929E-151	463
C3MJI5	C3N8G6	1.000	199	0	0	1	199	1	199	6.929E-151	463
C3MJI5	C4KJM8	1.000	199	0	0	1	199	1	199	6.929E-151	463
C3MJI5	C3NJQ5	0.994	199	1	0	1	199	1	199	3.189E-150	461
C3MJI5	Q97WC7	0.909	198	18	0	1	198	1	198	1.828E-138	428
P9WPB4	P0A5P1	1.000	302	0	0	1	302	1	302	6.505E-248	750
P9WPB4	P9WPB4	1.000	302	0	0	1	302	1	302	6.505E-248	750
P9WPB4	P9WPB5	1.000	302	0	0	1	302	1	302	6.505E-248	750
A3DBD7	A3DBD7	1.000	283	0	0	1	283	1	283	4.113E-224	680
Q79FX6	A5U029	1.000	287	0	0	1	287	1	287	1.116E-231	702
Q79FX6	Q79FX6	1.000	287	0	0	1	287	1	287	1.116E-231	702
Q79FX6	Q7U1J9	0.996	287	1	0	1	287	1	287	1.614E-230	699
A4F7P5	A4F7P5	1.000	306	0	0	1	306	1	306	1.514E-243	738
H2E7T6	H2E7T6	1.000	378	0	0	1	378	1	378	1.272E-310	937
Q62M18	Q3JPX1	1.000	232	0	0	1	232	1	232	5.078E-185	563
Q62M18	Q62M18	1.000	232	0	0	1	232	1	232	5.078E-185	563
Q62M18	Q63RZ8	1.000	232	0	0	1	232	1	232	5.078E-185	563
Q9P3R1	Q9P3R1	1.000	379	0	0	1	379	1	379	2.091E-309	933
A5VSK3	A5VSK3	1.000	248	0	0	1	248	1	248	6.744E-196	596
A5VSK3	A9M8K8	1.000	248	0	0	1	248	1	248	6.744E-196	596
A5VSK3	B0CIC6	1.000	248	0	0	1	248	1	248	6.744E-196	596
A5VSK3	B2S828	1.000	248	0	0	1	248	1	248	6.744E-196	596
A5VSK3	Q2YLN5	1.000	248	0	0	1	248	1	248	6.744E-196	596
A5VSK3	Q8FYK0	1.000	248	0	0	1	248	1	248	6.744E-196	596
A5VSK3	C0RFB8	0.995	248	1	0	1	248	1	248	3.104E-195	594
A5VSK3	Q8YJ98	0.995	248	1	0	1	248	1	248	3.104E-195	594
B0U3W1	B0U3W1	1.000	246	0	0	1	246	1	246	3.561E-196	597
B0U3W1	B2I705	0.987	246	3	0	1	246	1	246	2.371E-194	591
B0U3W1	Q87BG5	0.987	246	3	0	1	246	1	246	2.371E-194	591
B0U3W1	Q9PAM5	0.975	246	6	0	1	246	1	246	4.893E-191	582
A5U027	A5U027	1.000	301	0	0	1	301	1	301	2.568E-245	742
A5U027	Q79FX8	1.000	301	0	0	1	301	1	301	2.568E-245	742
A5U027	Q7U1K1	0.996	301	1	0	1	301	1	301	2.536E-244	740
Q9KJ20	Q9KJ20	1.000	565	0	0	1	565	1	565	0.000E+00	1397
P9WPB3	P9WPB2	1.000	287	0	0	1	287	1	287	7.812E-234	708
P9WPB3	P9WPB3	1.000	287	0	0	1	287	1	287	7.812E-234	708
Q96WX4	Q96WX4	1.000	377	0	0	1	377	1	377	1.047E-305	923
O69687	O69687	1.000	427	0	0	1	427	1	427	0.000E+00	1056
A8GX11	A8GX11	1.000	240	0	0	1	240	1	240	2.212E-189	577
A8GX11	Q1RJC7	1.000	240	0	0	1	240	1	240	2.212E-189	577
C0RFB8	C0RFB8	1.000	248	0	0	1	248	1	248	4.604E-196	597
C0RFB8	Q8YJ98	1.000	248	0	0	1	248	1	248	4.604E-196	597
C0RFB8	A5VSK3	0.995	248	1	0	1	248	1	248	3.104E-195	594
C0RFB8	A9M8K8	0.995	248	1	0	1	248	1	248	3.104E-195	594
C0RFB8	B0CIC6	0.995	248	1	0	1	248	1	248	3.104E-195	594
C0RFB8	B2S828	0.995	248	1	0	1	248	1	248	3.104E-195	594
C0RFB8	Q2YLN5	0.995	248	1	0	1	248	1	248	3.104E-195	594
C0RFB8	Q8FYK0	0.995	248	1	0	1	248	1	248	3.104E-195	594
P0A9H8	P0A9H7	1.000	382	0	0	1	382	1	382	2.301E-316	953
P0A9H8	P0A9H8	1.000	382	0	0	1	382	1	382	2.301E-316	953
Q7U1K0	A5U028	1.000	293	0	0	1	293	1	293	1.734E-235	714
Q7U1K0	P0CH91	1.000	293	0	0	1	293	1	293	1.734E-235	714
Q7U1K0	Q7U1K0	1.000	293	0	0	1	293	1	293	1.734E-235	714
