P0CH91	A5U028	1.000	293	0	0	1	293	1	293	5.592E-236	714
P0CH91	P0CH91	1.000	293	0	0	1	293	1	293	5.592E-236	714
P0CH91	Q7U1K0	1.000	293	0	0	1	293	1	293	5.592E-236	714
Q49807	Q49807	1.000	308	0	0	1	308	1	308	3.261E-252	761
P9WPB4	P0A5P1	1.000	302	0	0	1	302	1	302	2.097E-248	750
P9WPB4	P9WPB4	1.000	302	0	0	1	302	1	302	2.097E-248	750
P9WPB4	P9WPB5	1.000	302	0	0	1	302	1	302	2.097E-248	750
P9WPB7	A5U866	1.000	287	0	0	1	287	1	287	7.724E-232	701
P9WPB7	P9WPB7	1.000	287	0	0	1	287	1	287	7.724E-232	701
P9WPB7	P9WPB6	0.996	287	1	0	1	287	1	287	7.627E-231	698
O69687	O69687	1.000	427	0	0	1	427	1	427	0.000E+00	1056
Q7U1J9	Q7U1J9	1.000	287	0	0	1	287	1	287	5.274E-232	702
Q7U1J9	A5U029	0.996	287	1	0	1	287	1	287	5.207E-231	699
Q7U1J9	Q79FX6	0.996	287	1	0	1	287	1	287	5.207E-231	699
P9WPB2	P9WPB2	1.000	287	0	0	1	287	1	287	2.520E-234	708
P9WPB2	P9WPB3	1.000	287	0	0	1	287	1	287	2.520E-234	708
C3SBU5	C3SBU5	1.000	358	0	0	1	358	1	358	1.062E-288	871
C3SBU5	Q108P1	0.983	358	6	0	1	358	1	358	4.618E-284	858
I1RJD6	I1RJD6	1.000	513	0	0	1	513	1	513	0.000E+00	1281
Q6MX39	Q6MX39	1.000	286	0	0	1	286	1	286	4.463E-229	693
P9WPB6	P9WPB6	1.000	287	0	0	1	287	1	287	3.600E-232	702
P9WPB6	A5U866	0.996	287	1	0	1	287	1	287	7.627E-231	698
P9WPB6	P9WPB7	0.996	287	1	0	1	287	1	287	7.627E-231	698
O53732	O53732	1.000	427	0	0	1	427	1	427	0.000E+00	1038
P9WPB0	A5U030	1.000	286	0	0	1	286	1	286	2.081E-229	694
P9WPB0	P0A5Q1	1.000	286	0	0	1	286	1	286	2.081E-229	694
P9WPB0	P9WPB0	1.000	286	0	0	1	286	1	286	2.081E-229	694
P9WPB0	P9WPB1	1.000	286	0	0	1	286	1	286	2.081E-229	694
Q79FX8	A5U027	1.000	301	0	0	1	301	1	301	8.278E-246	742
Q79FX8	Q79FX8	1.000	301	0	0	1	301	1	301	8.278E-246	742
Q79FX8	Q7U1K1	0.996	301	1	0	1	301	1	301	8.175E-245	740
C4R7Z3	C4R7Z3	1.000	489	0	0	1	489	1	489	0.000E+00	1211
P9WPB3	P9WPB2	1.000	287	0	0	1	287	1	287	2.520E-234	708
P9WPB3	P9WPB3	1.000	287	0	0	1	287	1	287	2.520E-234	708
Q5APD4	Q5APD4	1.000	513	0	0	1	513	1	513	0.000E+00	1291
A5U866	A5U866	1.000	287	0	0	1	287	1	287	7.724E-232	701
A5U866	P9WPB7	1.000	287	0	0	1	287	1	287	7.724E-232	701
A5U866	P9WPB6	0.996	287	1	0	1	287	1	287	7.627E-231	698
Q7XB08	Q7XB08	1.000	351	0	0	1	351	1	351	1.837E-282	852
A5U027	A5U027	1.000	301	0	0	1	301	1	301	8.278E-246	742
A5U027	Q79FX8	1.000	301	0	0	1	301	1	301	8.278E-246	742
A5U027	Q7U1K1	0.996	301	1	0	1	301	1	301	8.175E-245	740
Q8KZ94	Q8KZ94	1.000	283	0	0	1	283	1	283	3.891E-219	665
P0A9H7	P0A9H7	1.000	382	0	0	1	382	1	382	7.390E-317	953
P0A9H7	P0A9H8	1.000	382	0	0	1	382	1	382	7.390E-317	953
P9WPB1	A5U030	1.000	286	0	0	1	286	1	286	2.081E-229	694
P9WPB1	P0A5Q1	1.000	286	0	0	1	286	1	286	2.081E-229	694
P9WPB1	P9WPB0	1.000	286	0	0	1	286	1	286	2.081E-229	694
P9WPB1	P9WPB1	1.000	286	0	0	1	286	1	286	2.081E-229	694
P31049	P31049	1.000	394	0	0	1	394	1	394	0.000E+00	977
Q5C9L6	Q5C9L6	1.000	361	0	0	1	361	1	361	2.411E-292	882
A5U030	A5U030	1.000	286	0	0	1	286	1	286	2.081E-229	694
A5U030	P0A5Q1	1.000	286	0	0	1	286	1	286	2.081E-229	694
A5U030	P9WPB0	1.000	286	0	0	1	286	1	286	2.081E-229	694
A5U030	P9WPB1	1.000	286	0	0	1	286	1	286	2.081E-229	694
A5U028	A5U028	1.000	293	0	0	1	293	1	293	5.592E-236	714
A5U028	P0CH91	1.000	293	0	0	1	293	1	293	5.592E-236	714
A5U028	Q7U1K0	1.000	293	0	0	1	293	1	293	5.592E-236	714
H2E7U0	H2E7U0	1.000	392	0	0	1	392	1	392	1.334E-322	971
P0A9H8	P0A9H7	1.000	382	0	0	1	382	1	382	7.390E-317	953
P0A9H8	P0A9H8	1.000	382	0	0	1	382	1	382	7.390E-317	953
Q7U1K0	A5U028	1.000	293	0	0	1	293	1	293	5.592E-236	714
Q7U1K0	P0CH91	1.000	293	0	0	1	293	1	293	5.592E-236	714
Q7U1K0	Q7U1K0	1.000	293	0	0	1	293	1	293	5.592E-236	714
C3SBS8	C3SBS8	1.000	350	0	0	1	350	1	350	7.742E-285	859
Q7U1K1	Q7U1K1	1.000	301	0	0	1	301	1	301	1.776E-245	741
Q7U1K1	A5U027	0.996	301	1	0	1	301	1	301	8.175E-245	740
Q7U1K1	Q79FX8	0.996	301	1	0	1	301	1	301	8.175E-245	740
A5U029	A5U029	1.000	287	0	0	1	287	1	287	3.600E-232	702
A5U029	Q79FX6	1.000	287	0	0	1	287	1	287	3.600E-232	702
A5U029	Q7U1J9	0.996	287	1	0	1	287	1	287	5.207E-231	699
P0A5P1	P0A5P1	1.000	302	0	0	1	302	1	302	2.097E-248	750
P0A5P1	P9WPB4	1.000	302	0	0	1	302	1	302	2.097E-248	750
P0A5P1	P9WPB5	1.000	302	0	0	1	302	1	302	2.097E-248	750
Q79FX6	A5U029	1.000	287	0	0	1	287	1	287	3.600E-232	702
Q79FX6	Q79FX6	1.000	287	0	0	1	287	1	287	3.600E-232	702
Q79FX6	Q7U1J9	0.996	287	1	0	1	287	1	287	5.207E-231	699
I1RNL0	I1RNL0	1.000	521	0	0	1	521	1	521	0.000E+00	1308
Q108P1	Q108P1	1.000	358	0	0	1	358	1	358	4.952E-289	872
Q108P1	C3SBU5	0.983	358	6	0	1	358	1	358	4.618E-284	858
C3SBU4	C3SBU4	1.000	358	0	0	1	358	1	358	5.155E-292	880
A0A1C9U5X7	A0A1C9U5X7	1.000	356	0	0	1	356	1	356	1.092E-281	851
C3SBW0	C3SBW0	1.000	356	0	0	1	356	1	356	1.220E-289	873
P0A5Q1	A5U030	1.000	286	0	0	1	286	1	286	2.081E-229	694
P0A5Q1	P0A5Q1	1.000	286	0	0	1	286	1	286	2.081E-229	694
P0A5Q1	P9WPB0	1.000	286	0	0	1	286	1	286	2.081E-229	694
P0A5Q1	P9WPB1	1.000	286	0	0	1	286	1	286	2.081E-229	694
P9WPB5	P0A5P1	1.000	302	0	0	1	302	1	302	2.097E-248	750
P9WPB5	P9WPB4	1.000	302	0	0	1	302	1	302	2.097E-248	750
P9WPB5	P9WPB5	1.000	302	0	0	1	302	1	302	2.097E-248	750
A9AWD7	A9AWD7	1.000	283	0	0	1	283	1	283	1.995E-226	685
