B5FQZ1	B4T1Z1	1.000	702	0	0	1	702	1	702	0.000E+00	1700
B5FQZ1	B4TDY8	1.000	702	0	0	1	702	1	702	0.000E+00	1700
B5FQZ1	B5BBL9	1.000	702	0	0	1	702	1	702	0.000E+00	1700
B5FQZ1	B5F1U5	1.000	702	0	0	1	702	1	702	0.000E+00	1700
B5FQZ1	B5FQZ1	1.000	702	0	0	1	702	1	702	0.000E+00	1700
B5FQZ1	B5QZF1	1.000	702	0	0	1	702	1	702	0.000E+00	1700
B5FQZ1	Q5PGE3	1.000	702	0	0	1	702	1	702	0.000E+00	1700
B5FQZ1	Q8ZQ73	1.000	702	0	0	1	702	1	702	0.000E+00	1700
B5FQZ1	B5R6B4	0.998	702	1	0	1	702	1	702	0.000E+00	1698
B5FQZ1	B4TRX1	0.998	702	1	0	1	702	1	702	0.000E+00	1697
B5FQZ1	Q57QU1	0.998	702	1	0	1	702	1	702	0.000E+00	1695
B5FQZ1	A9N6Y0	0.998	702	1	0	1	702	1	702	0.000E+00	1693
B5FQZ1	Q8Z7S6	0.992	702	6	0	1	702	1	702	0.000E+00	1690
B5FQZ1	Q3Z3H3	0.918	702	57	0	1	702	1	702	0.000E+00	1590
A6WPK6	A6WPK6	1.000	709	0	0	1	709	1	709	0.000E+00	1702
A6WPK6	A9L591	0.995	709	4	0	1	709	1	709	0.000E+00	1697
A6WPK6	A3D5Q0	0.994	709	4	0	1	709	1	709	0.000E+00	1695
A6WPK6	A1RKM2	0.949	709	36	0	1	709	1	709	0.000E+00	1640
A6WPK6	Q8EFW4	0.908	709	65	0	1	709	1	709	0.000E+00	1586
Q6LTZ3	Q6LTZ3	1.000	374	0	0	1	374	1	374	1.217E-300	909
Q31DJ1	Q31DJ1	1.000	407	0	0	1	407	1	407	0.000E+00	987
P58106	P58106	1.000	397	0	0	1	397	1	397	1.462E-321	971
B0BRL8	B0BRL8	1.000	712	0	0	1	712	1	712	0.000E+00	1738
B0BRL8	A3MYD2	0.994	712	4	0	1	712	1	712	0.000E+00	1728
B0BRL8	B3GZQ0	0.984	712	11	0	1	712	1	712	0.000E+00	1719
B5YRC4	B5YRC4	1.000	378	0	0	1	378	1	378	1.445E-303	918
B5YRC4	Q8XAK8	1.000	378	0	0	1	378	1	378	1.445E-303	918
B5YRC4	A1AG02	0.997	378	1	0	1	378	1	378	9.729E-303	916
B5YRC4	Q1R6P6	0.997	378	1	0	1	378	1	378	9.729E-303	916
B5YRC4	Q8FDE5	0.997	378	1	0	1	378	1	378	9.729E-303	916
B5YRC4	B1LFI2	0.994	378	2	0	1	378	1	378	4.474E-302	914
B5YRC4	Q0TD22	0.994	378	2	0	1	378	1	378	4.474E-302	914
B5YRC4	Q32BN8	0.994	378	2	0	1	378	1	378	2.057E-301	912
B5YRC4	B1IRN3	0.992	378	3	0	1	378	1	378	4.348E-300	908
B5YRC4	B1XG88	0.992	378	3	0	1	378	1	378	4.348E-300	908
B5YRC4	P42596	0.992	378	3	0	1	378	1	378	4.348E-300	908
B5YRC4	A7ZRW7	0.986	378	5	0	1	378	1	378	9.323E-300	907
B5YRC4	Q31WU9	0.992	378	3	0	1	378	1	378	9.323E-300	907
B5YRC4	Q3YXQ6	0.992	378	3	0	1	378	1	378	9.323E-300	907
B5YRC4	A8A4P1	0.986	378	5	0	1	378	1	378	9.189E-299	905
B5YRC4	A8APY0	0.939	378	23	0	1	378	1	378	1.064E-283	863
Q9VH48	Q9VH48	1.000	530	0	0	1	530	1	530	0.000E+00	1282
Q9VH48	B4QVW6	0.992	530	4	0	1	530	1	530	0.000E+00	1277
Q9VH48	B4HJC0	0.992	530	4	0	1	530	1	530	0.000E+00	1276
Q9VH48	B3P4N5	0.992	530	4	0	1	530	1	530	0.000E+00	1274
Q9VH48	B4PVH6	0.988	530	6	0	1	530	1	530	0.000E+00	1268
Q9VH48	B3M1E1	0.953	519	24	0	1	519	1	519	0.000E+00	1206
Q9VH48	B4GZ20	0.947	519	27	0	1	519	1	519	0.000E+00	1199
Q9VH48	Q29B63	0.947	519	27	0	1	519	1	519	0.000E+00	1199
Q9VH48	B4NKI9	0.932	518	35	0	2	519	4	521	0.000E+00	1183
Q9VH48	B4KA23	0.919	507	41	0	13	519	21	527	0.000E+00	1154
Q9VH48	B4LVS8	0.917	507	42	0	13	519	20	526	0.000E+00	1149
Q4QP66	Q4QP66	1.000	711	0	0	1	711	1	711	0.000E+00	1722
Q4QP66	P44524	0.977	711	16	0	1	711	1	711	0.000E+00	1684
Q4QP66	A5UFS2	0.977	711	16	0	1	711	1	711	0.000E+00	1682
Q4QP66	A5UB28	0.974	711	18	0	1	711	1	711	0.000E+00	1678
Q73EJ5	Q73EJ5	1.000	460	0	0	1	460	1	460	0.000E+00	1112
Q73EJ5	Q81ZD6	0.980	458	9	0	1	458	1	458	0.000E+00	1087
Q73EJ5	Q814A6	0.973	458	12	0	1	458	1	458	0.000E+00	1081
A1JMQ6	A1JMQ6	1.000	706	0	0	1	706	1	706	0.000E+00	1694
A1JMQ6	A7FJT9	0.963	706	26	0	1	706	1	706	0.000E+00	1634
A1JMQ6	Q66CG1	0.963	706	26	0	1	706	1	706	0.000E+00	1634
A1JMQ6	B2JYS1	0.960	706	28	0	1	706	1	706	0.000E+00	1630
A1JMQ6	A9R7L5	0.960	706	28	0	1	706	1	706	0.000E+00	1629
A1JMQ6	B1JQR7	0.960	706	28	0	1	706	1	706	0.000E+00	1629
A1JMQ6	Q1CA41	0.960	706	28	0	1	706	1	706	0.000E+00	1629
A1JMQ6	Q1CGJ3	0.960	706	28	0	1	706	1	706	0.000E+00	1629
A1JMQ6	Q7CHK7	0.960	706	28	0	1	706	1	706	0.000E+00	1629
A1JMQ6	A4TMZ0	0.958	706	30	0	1	706	1	706	0.000E+00	1626
Q57QU1	Q57QU1	1.000	702	0	0	1	702	1	702	0.000E+00	1698
Q57QU1	B4T1Z1	0.998	702	1	0	1	702	1	702	0.000E+00	1695
Q57QU1	B4TDY8	0.998	702	1	0	1	702	1	702	0.000E+00	1695
Q57QU1	B5BBL9	0.998	702	1	0	1	702	1	702	0.000E+00	1695
Q57QU1	B5F1U5	0.998	702	1	0	1	702	1	702	0.000E+00	1695
Q57QU1	B5FQZ1	0.998	702	1	0	1	702	1	702	0.000E+00	1695
Q57QU1	B5QZF1	0.998	702	1	0	1	702	1	702	0.000E+00	1695
Q57QU1	Q5PGE3	0.998	702	1	0	1	702	1	702	0.000E+00	1695
Q57QU1	Q8ZQ73	0.998	702	1	0	1	702	1	702	0.000E+00	1695
Q57QU1	B5R6B4	0.997	702	2	0	1	702	1	702	0.000E+00	1694
Q57QU1	B4TRX1	0.997	702	2	0	1	702	1	702	0.000E+00	1693
Q57QU1	A9N6Y0	0.997	702	2	0	1	702	1	702	0.000E+00	1689
Q57QU1	Q8Z7S6	0.991	702	6	0	1	702	1	702	0.000E+00	1685
Q57QU1	Q3Z3H3	0.917	702	58	0	1	702	1	702	0.000E+00	1585
Q4QPN2	Q4QPN2	1.000	330	0	0	1	330	1	330	2.453E-261	793
Q4QPN2	P44453	0.948	330	17	0	1	330	1	330	6.543E-250	761
Q4QPN2	A5UFI6	0.948	330	17	0	1	330	1	330	4.400E-249	758
Q4QPN2	A5UBC5	0.945	330	18	0	1	330	1	330	4.260E-247	753
A0KVL6	A0KVL6	1.000	713	0	0	1	713	1	713	0.000E+00	1717
A0KVL6	Q0HWA0	0.992	713	6	0	1	713	1	713	0.000E+00	1703
A0KVL6	Q0HJZ9	0.991	713	6	0	1	713	1	713	0.000E+00	1702
Q88MB9	Q88MB9	1.000	452	0	0	1	452	1	452	0.000E+00	1075
Q6FBS0	Q6FBS0	1.000	361	0	0	1	361	1	361	1.873E-286	868
Q8R918	Q8R918	1.000	452	0	0	1	452	1	452	0.000E+00	1081
Q6KHE2	Q6KHE2	1.000	363	0	0	1	363	1	363	3.387E-283	859
B1JQR7	A9R7L5	1.000	706	0	0	1	706	1	706	0.000E+00	1694
B1JQR7	B1JQR7	1.000	706	0	0	1	706	1	706	0.000E+00	1694
B1JQR7	Q1CA41	1.000	706	0	0	1	706	1	706	0.000E+00	1694
B1JQR7	Q1CGJ3	1.000	706	0	0	1	706	1	706	0.000E+00	1694
B1JQR7	Q7CHK7	1.000	706	0	0	1	706	1	706	0.000E+00	1694
B1JQR7	A4TMZ0	0.998	706	1	0	1	706	1	706	0.000E+00	1690
B1JQR7	A7FJT9	0.997	706	2	0	1	706	1	706	0.000E+00	1689
B1JQR7	Q66CG1	0.997	706	2	0	1	706	1	706	0.000E+00	1689
B1JQR7	B2JYS1	0.997	706	2	0	1	706	1	706	0.000E+00	1689
B1JQR7	A1JMQ6	0.960	706	28	0	1	706	1	706	0.000E+00	1629
Q74IG2	Q74IG2	1.000	459	0	0	1	459	1	459	0.000E+00	1097
B2VDF6	B2VDF6	1.000	705	0	0	1	705	1	705	0.000E+00	1706
B0UUM5	B0UUM5	1.000	718	0	0	1	718	1	718	0.000E+00	1744
B0UUM5	Q0I4C6	0.998	718	1	0	1	718	1	718	0.000E+00	1741
Q5HN37	Q5HN37	1.000	456	0	0	1	456	1	456	0.000E+00	1104
Q5HN37	Q8CRU6	0.995	456	2	0	1	456	1	456	0.000E+00	1099
Q8KGF9	Q8KGF9	1.000	483	0	0	1	483	1	483	0.000E+00	1170
A1AG02	A1AG02	1.000	378	0	0	1	378	1	378	9.866E-304	919
A1AG02	Q1R6P6	1.000	378	0	0	1	378	1	378	9.866E-304	919
A1AG02	Q8FDE5	1.000	378	0	0	1	378	1	378	9.866E-304	919
A1AG02	B1LFI2	0.997	378	1	0	1	378	1	378	4.537E-303	917
A1AG02	Q0TD22	0.997	378	1	0	1	378	1	378	4.537E-303	917
A1AG02	B5YRC4	0.997	378	1	0	1	378	1	378	9.729E-303	916
A1AG02	Q8XAK8	0.997	378	1	0	1	378	1	378	9.729E-303	916
A1AG02	Q32BN8	0.997	378	1	0	1	378	1	378	2.086E-302	915
A1AG02	B1IRN3	0.994	378	2	0	1	378	1	378	4.411E-301	911
A1AG02	B1XG88	0.994	378	2	0	1	378	1	378	4.411E-301	911
A1AG02	P42596	0.994	378	2	0	1	378	1	378	4.411E-301	911
A1AG02	A7ZRW7	0.989	378	4	0	1	378	1	378	9.457E-301	910
A1AG02	Q31WU9	0.994	378	2	0	1	378	1	378	9.457E-301	910
A1AG02	Q3YXQ6	0.994	378	2	0	1	378	1	378	9.457E-301	910
A1AG02	A8A4P1	0.989	378	4	0	1	378	1	378	9.323E-300	907
A1AG02	A8APY0	0.936	378	24	0	1	378	1	378	7.150E-283	860
Q9JP88	Q9JP88	1.000	473	0	0	1	473	1	473	0.000E+00	1145
Q2A2U4	A7NCY2	1.000	717	0	0	1	717	1	717	0.000E+00	1735
Q2A2U4	Q0BLC3	1.000	717	0	0	1	717	1	717	0.000E+00	1735
Q2A2U4	Q2A2U4	1.000	717	0	0	1	717	1	717	0.000E+00	1735
Q2A2U4	A4IXN4	0.997	717	2	0	1	717	1	717	0.000E+00	1731
Q2A2U4	Q14HS5	0.994	717	4	0	1	717	1	717	0.000E+00	1728
Q2A2U4	Q5NGC3	0.994	717	4	0	1	717	1	717	0.000E+00	1728
Q2A2U4	B2SGG3	0.990	717	7	0	1	717	1	717	0.000E+00	1720
Q2A2U4	A0Q621	0.986	717	10	0	1	717	1	717	0.000E+00	1714
A8APY0	A8APY0	1.000	378	0	0	1	378	1	378	6.644E-303	916
A8APY0	B5YRC4	0.939	378	23	0	1	378	1	378	1.064E-283	863
A8APY0	Q8XAK8	0.939	378	23	0	1	378	1	378	1.064E-283	863
A8APY0	A1AG02	0.936	378	24	0	1	378	1	378	7.150E-283	860
A8APY0	Q1R6P6	0.936	378	24	0	1	378	1	378	7.150E-283	860
A8APY0	Q8FDE5	0.936	378	24	0	1	378	1	378	7.150E-283	860
A8APY0	B1LFI2	0.933	378	25	0	1	378	1	378	3.281E-282	858
A8APY0	Q0TD22	0.933	378	25	0	1	378	1	378	3.281E-282	858
A8APY0	B1IRN3	0.933	378	25	0	1	378	1	378	4.803E-282	858
A8APY0	B1XG88	0.933	378	25	0	1	378	1	378	4.803E-282	858
A8APY0	P42596	0.933	378	25	0	1	378	1	378	4.803E-282	858
A8APY0	Q32BN8	0.933	378	25	0	1	378	1	378	1.506E-281	857
A8APY0	A7ZRW7	0.925	378	28	0	1	378	1	378	6.792E-280	852
A8APY0	Q31WU9	0.931	378	26	0	1	378	1	378	6.792E-280	852
A8APY0	Q3YXQ6	0.931	378	26	0	1	378	1	378	6.792E-280	852
A8APY0	A8A4P1	0.925	378	28	0	1	378	1	378	6.675E-279	849
Q81ZD6	Q81ZD6	1.000	458	0	0	1	458	1	458	0.000E+00	1110
Q81ZD6	Q814A6	0.982	458	8	0	1	458	1	458	0.000E+00	1091
Q81ZD6	Q73EJ5	0.980	458	9	0	1	458	1	458	0.000E+00	1087
Q6D3S2	Q6D3S2	1.000	375	0	0	1	375	1	375	6.180E-298	902
Q6D3S2	C6DEQ3	0.962	374	14	0	1	374	1	374	1.617E-285	867
Q0A8Y4	Q0A8Y4	1.000	445	0	0	1	445	1	445	0.000E+00	1074
Q8EFW4	Q8EFW4	1.000	711	0	0	1	711	1	711	0.000E+00	1715
Q8EFW4	A1RKM2	0.940	709	42	0	1	709	1	709	0.000E+00	1628
Q8EFW4	A3D5Q0	0.909	709	64	0	1	709	1	709	0.000E+00	1590
Q8EFW4	A6WPK6	0.908	709	65	0	1	709	1	709	0.000E+00	1586
Q8EFW4	A9L591	0.906	709	67	0	1	709	1	709	0.000E+00	1585
P55137	P55137	1.000	396	0	0	1	396	1	396	2.680E-319	965
B7LN23	B7LN23	1.000	375	0	0	1	375	1	375	2.053E-301	912
B7LN23	B2TUM0	0.962	375	14	0	1	375	1	375	2.560E-290	881
Q1R6P6	A1AG02	1.000	378	0	0	1	378	1	378	9.866E-304	919
Q1R6P6	Q1R6P6	1.000	378	0	0	1	378	1	378	9.866E-304	919
Q1R6P6	Q8FDE5	1.000	378	0	0	1	378	1	378	9.866E-304	919
Q1R6P6	B1LFI2	0.997	378	1	0	1	378	1	378	4.537E-303	917
Q1R6P6	Q0TD22	0.997	378	1	0	1	378	1	378	4.537E-303	917
Q1R6P6	B5YRC4	0.997	378	1	0	1	378	1	378	9.729E-303	916
Q1R6P6	Q8XAK8	0.997	378	1	0	1	378	1	378	9.729E-303	916
Q1R6P6	Q32BN8	0.997	378	1	0	1	378	1	378	2.086E-302	915
Q1R6P6	B1IRN3	0.994	378	2	0	1	378	1	378	4.411E-301	911
Q1R6P6	B1XG88	0.994	378	2	0	1	378	1	378	4.411E-301	911
Q1R6P6	P42596	0.994	378	2	0	1	378	1	378	4.411E-301	911
Q1R6P6	A7ZRW7	0.989	378	4	0	1	378	1	378	9.457E-301	910
Q1R6P6	Q31WU9	0.994	378	2	0	1	378	1	378	9.457E-301	910
Q1R6P6	Q3YXQ6	0.994	378	2	0	1	378	1	378	9.457E-301	910
Q1R6P6	A8A4P1	0.989	378	4	0	1	378	1	378	9.323E-300	907
Q1R6P6	A8APY0	0.936	378	24	0	1	378	1	378	7.150E-283	860
Q9I525	Q02I93	1.000	450	0	0	1	450	1	450	0.000E+00	1075
Q9I525	Q9I525	1.000	450	0	0	1	450	1	450	0.000E+00	1075
A6VMR3	A6VMR3	1.000	676	0	0	1	676	1	676	0.000E+00	1644
Q8K9I4	Q8K9I4	1.000	697	0	0	1	697	1	697	0.000E+00	1694
Q71YR7	Q71YR7	1.000	453	0	0	1	453	1	453	0.000E+00	1089
Q71YR7	Q8Y6D6	0.988	453	5	0	1	453	1	453	0.000E+00	1081
Q71YR7	Q92AQ7	0.929	452	32	0	1	452	1	452	0.000E+00	1020
A8FW59	A8FW59	1.000	711	0	0	1	711	1	711	0.000E+00	1721
A8FW59	B1KDN0	0.946	709	38	0	1	709	1	709	0.000E+00	1638
Q02I93	Q02I93	1.000	450	0	0	1	450	1	450	0.000E+00	1075
Q02I93	Q9I525	1.000	450	0	0	1	450	1	450	0.000E+00	1075
Q0VQU5	Q0VQU5	1.000	704	0	0	1	704	1	704	0.000E+00	1721
Q5E320	Q5E320	1.000	438	0	0	1	438	1	438	0.000E+00	1044
Q5E320	B5FAG4	0.979	438	9	0	1	438	1	438	0.000E+00	1024
A9R7L5	A9R7L5	1.000	706	0	0	1	706	1	706	0.000E+00	1694
A9R7L5	B1JQR7	1.000	706	0	0	1	706	1	706	0.000E+00	1694
A9R7L5	Q1CA41	1.000	706	0	0	1	706	1	706	0.000E+00	1694
A9R7L5	Q1CGJ3	1.000	706	0	0	1	706	1	706	0.000E+00	1694
A9R7L5	Q7CHK7	1.000	706	0	0	1	706	1	706	0.000E+00	1694
A9R7L5	A4TMZ0	0.998	706	1	0	1	706	1	706	0.000E+00	1690
A9R7L5	A7FJT9	0.997	706	2	0	1	706	1	706	0.000E+00	1689
A9R7L5	Q66CG1	0.997	706	2	0	1	706	1	706	0.000E+00	1689
A9R7L5	B2JYS1	0.997	706	2	0	1	706	1	706	0.000E+00	1689
A9R7L5	A1JMQ6	0.960	706	28	0	1	706	1	706	0.000E+00	1629
B4RN45	B4RN45	1.000	362	0	0	1	362	1	362	1.035E-289	877
B4RN45	Q5F757	1.000	362	0	0	1	362	1	362	1.035E-289	877
Q65W13	Q65W13	1.000	440	0	0	1	440	1	440	0.000E+00	1044
Q923W1	Q923W1	1.000	853	0	0	1	853	1	853	0.000E+00	2103
Q14HS5	Q14HS5	1.000	717	0	0	1	717	1	717	0.000E+00	1735
Q14HS5	Q5NGC3	1.000	717	0	0	1	717	1	717	0.000E+00	1735
Q14HS5	A4IXN4	0.997	717	2	0	1	717	1	717	0.000E+00	1733
Q14HS5	A7NCY2	0.994	717	4	0	1	717	1	717	0.000E+00	1728
Q14HS5	Q0BLC3	0.994	717	4	0	1	717	1	717	0.000E+00	1728
Q14HS5	Q2A2U4	0.994	717	4	0	1	717	1	717	0.000E+00	1728
Q14HS5	B2SGG3	0.990	717	7	0	1	717	1	717	0.000E+00	1721
Q14HS5	A0Q621	0.986	717	10	0	1	717	1	717	0.000E+00	1716
B2JYS1	B2JYS1	1.000	706	0	0	1	706	1	706	0.000E+00	1694
B2JYS1	A7FJT9	0.997	706	2	0	1	706	1	706	0.000E+00	1690
B2JYS1	Q66CG1	0.997	706	2	0	1	706	1	706	0.000E+00	1690
B2JYS1	A9R7L5	0.997	706	2	0	1	706	1	706	0.000E+00	1689
B2JYS1	B1JQR7	0.997	706	2	0	1	706	1	706	0.000E+00	1689
B2JYS1	Q1CA41	0.997	706	2	0	1	706	1	706	0.000E+00	1689
B2JYS1	Q1CGJ3	0.997	706	2	0	1	706	1	706	0.000E+00	1689
B2JYS1	Q7CHK7	0.997	706	2	0	1	706	1	706	0.000E+00	1689
B2JYS1	A4TMZ0	0.995	706	4	0	1	706	1	706	0.000E+00	1685
B2JYS1	A1JMQ6	0.960	706	28	0	1	706	1	706	0.000E+00	1630
B1KDN0	B1KDN0	1.000	711	0	0	1	711	1	711	0.000E+00	1725
B1KDN0	A8FW59	0.946	709	38	0	1	709	1	709	0.000E+00	1638
P44869	P44869	1.000	193	0	0	1	193	1	193	6.049E-154	472
Q07YH6	Q07YH6	1.000	392	0	0	1	392	1	392	3.258E-315	953
A4TMZ0	A4TMZ0	1.000	706	0	0	1	706	1	706	0.000E+00	1697
A4TMZ0	A9R7L5	0.998	706	1	0	1	706	1	706	0.000E+00	1690
A4TMZ0	B1JQR7	0.998	706	1	0	1	706	1	706	0.000E+00	1690
A4TMZ0	Q1CA41	0.998	706	1	0	1	706	1	706	0.000E+00	1690
A4TMZ0	Q1CGJ3	0.998	706	1	0	1	706	1	706	0.000E+00	1690
A4TMZ0	Q7CHK7	0.998	706	1	0	1	706	1	706	0.000E+00	1690
A4TMZ0	A7FJT9	0.995	706	4	0	1	706	1	706	0.000E+00	1686
A4TMZ0	Q66CG1	0.995	706	4	0	1	706	1	706	0.000E+00	1686
A4TMZ0	B2JYS1	0.995	706	4	0	1	706	1	706	0.000E+00	1685
A4TMZ0	A1JMQ6	0.958	706	30	0	1	706	1	706	0.000E+00	1626
A5UB28	A5UB28	1.000	711	0	0	1	711	1	711	0.000E+00	1720
A5UB28	A5UFS2	0.991	711	6	0	1	711	1	711	0.000E+00	1708
A5UB28	P44524	0.991	711	6	0	1	711	1	711	0.000E+00	1708
A5UB28	Q4QP66	0.974	711	18	0	1	711	1	711	0.000E+00	1678
B2TUM0	B2TUM0	1.000	375	0	0	1	375	1	375	1.421E-302	915
B2TUM0	B7LN23	0.962	375	14	0	1	375	1	375	2.560E-290	881
Q7CHK7	A9R7L5	1.000	706	0	0	1	706	1	706	0.000E+00	1694
Q7CHK7	B1JQR7	1.000	706	0	0	1	706	1	706	0.000E+00	1694
Q7CHK7	Q1CA41	1.000	706	0	0	1	706	1	706	0.000E+00	1694
Q7CHK7	Q1CGJ3	1.000	706	0	0	1	706	1	706	0.000E+00	1694
Q7CHK7	Q7CHK7	1.000	706	0	0	1	706	1	706	0.000E+00	1694
Q7CHK7	A4TMZ0	0.998	706	1	0	1	706	1	706	0.000E+00	1690
Q7CHK7	A7FJT9	0.997	706	2	0	1	706	1	706	0.000E+00	1689
Q7CHK7	Q66CG1	0.997	706	2	0	1	706	1	706	0.000E+00	1689
Q7CHK7	B2JYS1	0.997	706	2	0	1	706	1	706	0.000E+00	1689
Q7CHK7	A1JMQ6	0.960	706	28	0	1	706	1	706	0.000E+00	1629
Q9KL20	Q9KL20	1.000	375	0	0	1	375	1	375	4.160E-297	900
Q9KL20	A5F0U5	0.962	375	14	0	1	375	1	375	7.544E-286	868
Q9KL20	C3LWJ3	0.962	375	14	0	1	375	1	375	7.544E-286	868
B5F1U5	B4T1Z1	1.000	702	0	0	1	702	1	702	0.000E+00	1700
B5F1U5	B4TDY8	1.000	702	0	0	1	702	1	702	0.000E+00	1700
B5F1U5	B5BBL9	1.000	702	0	0	1	702	1	702	0.000E+00	1700
B5F1U5	B5F1U5	1.000	702	0	0	1	702	1	702	0.000E+00	1700
B5F1U5	B5FQZ1	1.000	702	0	0	1	702	1	702	0.000E+00	1700
B5F1U5	B5QZF1	1.000	702	0	0	1	702	1	702	0.000E+00	1700
B5F1U5	Q5PGE3	1.000	702	0	0	1	702	1	702	0.000E+00	1700
B5F1U5	Q8ZQ73	1.000	702	0	0	1	702	1	702	0.000E+00	1700
B5F1U5	B5R6B4	0.998	702	1	0	1	702	1	702	0.000E+00	1698
B5F1U5	B4TRX1	0.998	702	1	0	1	702	1	702	0.000E+00	1697
B5F1U5	Q57QU1	0.998	702	1	0	1	702	1	702	0.000E+00	1695
B5F1U5	A9N6Y0	0.998	702	1	0	1	702	1	702	0.000E+00	1693
B5F1U5	Q8Z7S6	0.992	702	6	0	1	702	1	702	0.000E+00	1690
B5F1U5	Q3Z3H3	0.918	702	57	0	1	702	1	702	0.000E+00	1590
P44453	P44453	1.000	330	0	0	1	330	1	330	7.705E-261	791
P44453	A5UFI6	0.972	330	9	0	1	330	1	330	3.295E-255	776
P44453	A5UBC5	0.963	330	12	0	1	330	1	330	1.004E-252	769
P44453	Q4QPN2	0.948	330	17	0	1	330	1	330	6.543E-250	761
A0Q621	A0Q621	1.000	718	0	0	1	718	1	718	0.000E+00	1738
A0Q621	A4IXN4	0.988	717	9	0	1	717	1	717	0.000E+00	1719
A0Q621	Q14HS5	0.986	717	10	0	1	717	1	717	0.000E+00	1716
A0Q621	Q5NGC3	0.986	717	10	0	1	717	1	717	0.000E+00	1716
A0Q621	A7NCY2	0.986	717	10	0	1	717	1	717	0.000E+00	1714
A0Q621	Q0BLC3	0.986	717	10	0	1	717	1	717	0.000E+00	1714
A0Q621	Q2A2U4	0.986	717	10	0	1	717	1	717	0.000E+00	1714
A0Q621	B2SGG3	0.981	717	14	0	1	717	1	717	0.000E+00	1708
A4IXN4	A4IXN4	1.000	717	0	0	1	717	1	717	0.000E+00	1735
A4IXN4	Q14HS5	0.997	717	2	0	1	717	1	717	0.000E+00	1733
A4IXN4	Q5NGC3	0.997	717	2	0	1	717	1	717	0.000E+00	1733
A4IXN4	A7NCY2	0.997	717	2	0	1	717	1	717	0.000E+00	1731
A4IXN4	Q0BLC3	0.997	717	2	0	1	717	1	717	0.000E+00	1731
A4IXN4	Q2A2U4	0.997	717	2	0	1	717	1	717	0.000E+00	1731
A4IXN4	B2SGG3	0.993	717	5	0	1	717	1	717	0.000E+00	1724
A4IXN4	A0Q621	0.988	717	9	0	1	717	1	717	0.000E+00	1719
Q8BNV1	Q8BNV1	1.000	613	0	0	1	613	1	613	0.000E+00	1496
Q58292	Q58292	1.000	197	0	0	1	197	1	197	4.615E-152	467
B4TRX1	B4TRX1	1.000	702	0	0	1	702	1	702	0.000E+00	1699
B4TRX1	B4T1Z1	0.998	702	1	0	1	702	1	702	0.000E+00	1697
B4TRX1	B4TDY8	0.998	702	1	0	1	702	1	702	0.000E+00	1697
B4TRX1	B5BBL9	0.998	702	1	0	1	702	1	702	0.000E+00	1697
B4TRX1	B5F1U5	0.998	702	1	0	1	702	1	702	0.000E+00	1697
B4TRX1	B5FQZ1	0.998	702	1	0	1	702	1	702	0.000E+00	1697
B4TRX1	B5QZF1	0.998	702	1	0	1	702	1	702	0.000E+00	1697
B4TRX1	Q5PGE3	0.998	702	1	0	1	702	1	702	0.000E+00	1697
B4TRX1	Q8ZQ73	0.998	702	1	0	1	702	1	702	0.000E+00	1697
B4TRX1	B5R6B4	0.997	702	2	0	1	702	1	702	0.000E+00	1696
B4TRX1	Q57QU1	0.997	702	2	0	1	702	1	702	0.000E+00	1693
B4TRX1	Q8Z7S6	0.994	702	4	0	1	702	1	702	0.000E+00	1692
B4TRX1	A9N6Y0	0.997	702	2	0	1	702	1	702	0.000E+00	1691
B4TRX1	Q3Z3H3	0.920	702	56	0	1	702	1	702	0.000E+00	1591
Q57R80	A9N824	1.000	376	0	0	1	376	1	376	3.610E-305	922
Q57R80	C0PXN9	1.000	376	0	0	1	376	1	376	3.610E-305	922
Q57R80	Q57R80	1.000	376	0	0	1	376	1	376	3.610E-305	922
Q57R80	Q8ZQJ5	0.992	376	3	0	1	376	1	376	1.103E-302	915
Q57R80	B5QYK4	0.994	374	2	0	1	374	1	374	2.366E-302	914
Q57R80	B4T0E3	0.986	376	5	0	1	376	1	376	3.417E-301	911
Q57R80	B5FPZ6	0.986	374	5	0	1	374	1	374	7.224E-300	907
Q57R80	B5BBV5	0.986	374	5	0	1	374	1	374	1.549E-299	907
Q57R80	Q5PGN2	0.986	374	5	0	1	374	1	374	1.549E-299	907
Q57R80	Q8Z841	0.983	374	6	0	1	374	1	374	2.236E-298	903
Q57R80	B5F101	0.981	374	7	0	1	374	1	374	1.028E-297	901
Q57R80	B4TRN5	0.981	374	7	0	1	374	1	374	2.204E-297	901
Q57R80	A9MIM3	0.975	374	9	0	1	374	1	374	9.984E-296	896
B4JXV2	B4JXV2	1.000	544	0	0	1	544	1	544	0.000E+00	1320
B0VR22	B0VR22	1.000	361	0	0	1	361	1	361	8.490E-285	863
B0VR22	B7H3Q6	1.000	361	0	0	1	361	1	361	8.490E-285	863
B0VR22	B7I4Y4	1.000	361	0	0	1	361	1	361	8.490E-285	863
B0VR22	B0VCX5	0.997	361	1	0	1	361	1	361	1.225E-283	860
B0VR22	A3M4W0	0.997	361	1	0	1	361	1	361	2.627E-283	859
B0VR22	B2HYZ7	0.986	361	5	0	1	361	1	361	3.678E-280	850
B5BBL9	B4T1Z1	1.000	702	0	0	1	702	1	702	0.000E+00	1700
B5BBL9	B4TDY8	1.000	702	0	0	1	702	1	702	0.000E+00	1700
B5BBL9	B5BBL9	1.000	702	0	0	1	702	1	702	0.000E+00	1700
B5BBL9	B5F1U5	1.000	702	0	0	1	702	1	702	0.000E+00	1700
B5BBL9	B5FQZ1	1.000	702	0	0	1	702	1	702	0.000E+00	1700
B5BBL9	B5QZF1	1.000	702	0	0	1	702	1	702	0.000E+00	1700
B5BBL9	Q5PGE3	1.000	702	0	0	1	702	1	702	0.000E+00	1700
B5BBL9	Q8ZQ73	1.000	702	0	0	1	702	1	702	0.000E+00	1700
B5BBL9	B5R6B4	0.998	702	1	0	1	702	1	702	0.000E+00	1698
B5BBL9	B4TRX1	0.998	702	1	0	1	702	1	702	0.000E+00	1697
B5BBL9	Q57QU1	0.998	702	1	0	1	702	1	702	0.000E+00	1695
B5BBL9	A9N6Y0	0.998	702	1	0	1	702	1	702	0.000E+00	1693
B5BBL9	Q8Z7S6	0.992	702	6	0	1	702	1	702	0.000E+00	1690
B5BBL9	Q3Z3H3	0.918	702	57	0	1	702	1	702	0.000E+00	1590
Q7A4Q9	Q7A4Q9	1.000	453	0	0	1	453	1	453	0.000E+00	1096
Q7A4Q9	Q99SY9	1.000	453	0	0	1	453	1	453	0.000E+00	1096
Q7A4Q9	Q6G836	0.997	453	1	0	1	453	1	453	0.000E+00	1094
Q7A4Q9	Q8NVT4	0.997	453	1	0	1	453	1	453	0.000E+00	1094
Q7A4Q9	Q5HEM5	0.995	453	2	0	1	453	1	453	0.000E+00	1089
Q7A4Q9	Q6GFG0	0.988	453	5	0	1	453	1	453	0.000E+00	1087
B5QZF1	B4T1Z1	1.000	702	0	0	1	702	1	702	0.000E+00	1700
B5QZF1	B4TDY8	1.000	702	0	0	1	702	1	702	0.000E+00	1700
B5QZF1	B5BBL9	1.000	702	0	0	1	702	1	702	0.000E+00	1700
B5QZF1	B5F1U5	1.000	702	0	0	1	702	1	702	0.000E+00	1700
B5QZF1	B5FQZ1	1.000	702	0	0	1	702	1	702	0.000E+00	1700
B5QZF1	B5QZF1	1.000	702	0	0	1	702	1	702	0.000E+00	1700
B5QZF1	Q5PGE3	1.000	702	0	0	1	702	1	702	0.000E+00	1700
B5QZF1	Q8ZQ73	1.000	702	0	0	1	702	1	702	0.000E+00	1700
B5QZF1	B5R6B4	0.998	702	1	0	1	702	1	702	0.000E+00	1698
B5QZF1	B4TRX1	0.998	702	1	0	1	702	1	702	0.000E+00	1697
B5QZF1	Q57QU1	0.998	702	1	0	1	702	1	702	0.000E+00	1695
B5QZF1	A9N6Y0	0.998	702	1	0	1	702	1	702	0.000E+00	1693
B5QZF1	Q8Z7S6	0.992	702	6	0	1	702	1	702	0.000E+00	1690
B5QZF1	Q3Z3H3	0.918	702	57	0	1	702	1	702	0.000E+00	1590
A7FJT9	A7FJT9	1.000	706	0	0	1	706	1	706	0.000E+00	1695
A7FJT9	Q66CG1	1.000	706	0	0	1	706	1	706	0.000E+00	1695
A7FJT9	B2JYS1	0.997	706	2	0	1	706	1	706	0.000E+00	1690
A7FJT9	A9R7L5	0.997	706	2	0	1	706	1	706	0.000E+00	1689
A7FJT9	B1JQR7	0.997	706	2	0	1	706	1	706	0.000E+00	1689
A7FJT9	Q1CA41	0.997	706	2	0	1	706	1	706	0.000E+00	1689
A7FJT9	Q1CGJ3	0.997	706	2	0	1	706	1	706	0.000E+00	1689
A7FJT9	Q7CHK7	0.997	706	2	0	1	706	1	706	0.000E+00	1689
A7FJT9	A4TMZ0	0.995	706	4	0	1	706	1	706	0.000E+00	1686
A7FJT9	A1JMQ6	0.963	706	26	0	1	706	1	706	0.000E+00	1634
B1LFI2	B1LFI2	1.000	378	0	0	1	378	1	378	9.866E-304	919
B1LFI2	Q0TD22	1.000	378	0	0	1	378	1	378	9.866E-304	919
B1LFI2	A1AG02	0.997	378	1	0	1	378	1	378	4.537E-303	917
B1LFI2	Q1R6P6	0.997	378	1	0	1	378	1	378	4.537E-303	917
B1LFI2	Q8FDE5	0.997	378	1	0	1	378	1	378	4.537E-303	917
B1LFI2	B5YRC4	0.994	378	2	0	1	378	1	378	4.474E-302	914
B1LFI2	Q8XAK8	0.994	378	2	0	1	378	1	378	4.474E-302	914
B1LFI2	Q32BN8	0.994	378	2	0	1	378	1	378	9.593E-302	913
B1LFI2	B1IRN3	0.992	378	3	0	1	378	1	378	2.028E-300	909
B1LFI2	B1XG88	0.992	378	3	0	1	378	1	378	2.028E-300	909
B1LFI2	P42596	0.992	378	3	0	1	378	1	378	2.028E-300	909
B1LFI2	A7ZRW7	0.986	378	5	0	1	378	1	378	4.348E-300	908
B1LFI2	Q31WU9	0.992	378	3	0	1	378	1	378	4.348E-300	908
B1LFI2	Q3YXQ6	0.992	378	3	0	1	378	1	378	4.348E-300	908
B1LFI2	A8A4P1	0.986	378	5	0	1	378	1	378	4.286E-299	906
B1LFI2	A8APY0	0.933	378	25	0	1	378	1	378	3.281E-282	858
Q9KRZ5	A5F836	1.000	708	0	0	1	708	1	708	0.000E+00	1712
Q9KRZ5	Q9KRZ5	1.000	708	0	0	1	708	1	708	0.000E+00	1712
Q9NRN9	Q9NRN9	1.000	209	0	0	1	209	1	209	8.011E-165	504
Q9NRN9	Q8K1A0	0.913	209	18	0	1	209	1	209	1.470E-152	470
Q2Y6W3	Q2Y6W3	1.000	439	0	0	1	439	1	439	0.000E+00	1050
B2HYZ7	B2HYZ7	1.000	361	0	0	1	361	1	361	3.960E-285	864
B2HYZ7	B0VR22	0.986	361	5	0	1	361	1	361	3.678E-280	850
B2HYZ7	B7H3Q6	0.986	361	5	0	1	361	1	361	3.678E-280	850
B2HYZ7	B7I4Y4	0.986	361	5	0	1	361	1	361	3.678E-280	850
B2HYZ7	B0VCX5	0.983	361	6	0	1	361	1	361	5.304E-279	847
B2HYZ7	A3M4W0	0.983	361	6	0	1	361	1	361	1.137E-278	846
B4KA23	B4KA23	1.000	539	0	0	1	539	1	539	0.000E+00	1312
B4KA23	B4LVS8	0.968	537	17	0	3	539	2	538	0.000E+00	1275
B4KA23	B3M1E1	0.936	519	33	0	21	539	13	531	0.000E+00	1203
B4KA23	B4NKI9	0.932	521	35	0	19	539	13	533	0.000E+00	1203
B4KA23	B4GZ20	0.938	519	32	0	21	539	13	531	0.000E+00	1201
B4KA23	Q29B63	0.938	519	32	0	21	539	13	531	0.000E+00	1201
A1S601	A1S601	1.000	708	0	0	1	708	1	708	0.000E+00	1716
A9N6Y0	A9N6Y0	1.000	702	0	0	1	702	1	702	0.000E+00	1697
A9N6Y0	B4T1Z1	0.998	702	1	0	1	702	1	702	0.000E+00	1693
A9N6Y0	B4TDY8	0.998	702	1	0	1	702	1	702	0.000E+00	1693
A9N6Y0	B5BBL9	0.998	702	1	0	1	702	1	702	0.000E+00	1693
A9N6Y0	B5F1U5	0.998	702	1	0	1	702	1	702	0.000E+00	1693
A9N6Y0	B5FQZ1	0.998	702	1	0	1	702	1	702	0.000E+00	1693
A9N6Y0	B5QZF1	0.998	702	1	0	1	702	1	702	0.000E+00	1693
A9N6Y0	Q5PGE3	0.998	702	1	0	1	702	1	702	0.000E+00	1693
A9N6Y0	Q8ZQ73	0.998	702	1	0	1	702	1	702	0.000E+00	1693
A9N6Y0	B5R6B4	0.997	702	2	0	1	702	1	702	0.000E+00	1692
A9N6Y0	B4TRX1	0.997	702	2	0	1	702	1	702	0.000E+00	1691
A9N6Y0	Q57QU1	0.997	702	2	0	1	702	1	702	0.000E+00	1689
A9N6Y0	Q8Z7S6	0.991	702	6	0	1	702	1	702	0.000E+00	1683
A9N6Y0	Q3Z3H3	0.917	702	58	0	1	702	1	702	0.000E+00	1583
Q7VKU9	Q7VKU9	1.000	442	0	0	1	442	1	442	0.000E+00	1077
B5FE19	B5FE19	1.000	705	0	0	1	705	1	705	0.000E+00	1697
B5FE19	Q5E5B4	0.991	705	6	0	1	705	1	705	0.000E+00	1684
B5FE19	B6ELD3	0.934	705	46	0	1	705	1	705	0.000E+00	1621
C0PXN9	A9N824	1.000	376	0	0	1	376	1	376	3.610E-305	922
C0PXN9	C0PXN9	1.000	376	0	0	1	376	1	376	3.610E-305	922
C0PXN9	Q57R80	1.000	376	0	0	1	376	1	376	3.610E-305	922
C0PXN9	Q8ZQJ5	0.992	376	3	0	1	376	1	376	1.103E-302	915
C0PXN9	B5QYK4	0.994	374	2	0	1	374	1	374	2.366E-302	914
C0PXN9	B4T0E3	0.986	376	5	0	1	376	1	376	3.417E-301	911
C0PXN9	B5FPZ6	0.986	374	5	0	1	374	1	374	7.224E-300	907
C0PXN9	B5BBV5	0.986	374	5	0	1	374	1	374	1.549E-299	907
C0PXN9	Q5PGN2	0.986	374	5	0	1	374	1	374	1.549E-299	907
C0PXN9	Q8Z841	0.983	374	6	0	1	374	1	374	2.236E-298	903
C0PXN9	B5F101	0.981	374	7	0	1	374	1	374	1.028E-297	901
C0PXN9	B4TRN5	0.981	374	7	0	1	374	1	374	2.204E-297	901
C0PXN9	A9MIM3	0.975	374	9	0	1	374	1	374	9.984E-296	896
B5R6B4	B5R6B4	1.000	702	0	0	1	702	1	702	0.000E+00	1700
B5R6B4	B4T1Z1	0.998	702	1	0	1	702	1	702	0.000E+00	1698
B5R6B4	B4TDY8	0.998	702	1	0	1	702	1	702	0.000E+00	1698
B5R6B4	B5BBL9	0.998	702	1	0	1	702	1	702	0.000E+00	1698
B5R6B4	B5F1U5	0.998	702	1	0	1	702	1	702	0.000E+00	1698
B5R6B4	B5FQZ1	0.998	702	1	0	1	702	1	702	0.000E+00	1698
B5R6B4	B5QZF1	0.998	702	1	0	1	702	1	702	0.000E+00	1698
B5R6B4	Q5PGE3	0.998	702	1	0	1	702	1	702	0.000E+00	1698
B5R6B4	Q8ZQ73	0.998	702	1	0	1	702	1	702	0.000E+00	1698
B5R6B4	B4TRX1	0.997	702	2	0	1	702	1	702	0.000E+00	1696
B5R6B4	Q57QU1	0.997	702	2	0	1	702	1	702	0.000E+00	1694
B5R6B4	A9N6Y0	0.997	702	2	0	1	702	1	702	0.000E+00	1692
B5R6B4	Q8Z7S6	0.991	702	6	0	1	702	1	702	0.000E+00	1689
B5R6B4	Q3Z3H3	0.917	702	58	0	1	702	1	702	0.000E+00	1588
Q0BLC3	A7NCY2	1.000	717	0	0	1	717	1	717	0.000E+00	1735
Q0BLC3	Q0BLC3	1.000	717	0	0	1	717	1	717	0.000E+00	1735
Q0BLC3	Q2A2U4	1.000	717	0	0	1	717	1	717	0.000E+00	1735
Q0BLC3	A4IXN4	0.997	717	2	0	1	717	1	717	0.000E+00	1731
Q0BLC3	Q14HS5	0.994	717	4	0	1	717	1	717	0.000E+00	1728
Q0BLC3	Q5NGC3	0.994	717	4	0	1	717	1	717	0.000E+00	1728
Q0BLC3	B2SGG3	0.990	717	7	0	1	717	1	717	0.000E+00	1720
Q0BLC3	A0Q621	0.986	717	10	0	1	717	1	717	0.000E+00	1714
Q8Y6D6	Q8Y6D6	1.000	453	0	0	1	453	1	453	0.000E+00	1091
Q8Y6D6	Q71YR7	0.988	453	5	0	1	453	1	453	0.000E+00	1081
Q8Y6D6	Q92AQ7	0.931	452	31	0	1	452	1	452	0.000E+00	1020
A7MQZ8	A7MQZ8	1.000	432	0	0	1	432	1	432	0.000E+00	1042
A5UBC5	A5UBC5	1.000	330	0	0	1	330	1	330	2.488E-262	795
A5UBC5	P44453	0.963	330	12	0	1	330	1	330	1.004E-252	769
A5UBC5	A5UFI6	0.969	330	10	0	1	330	1	330	1.469E-252	768
A5UBC5	Q4QPN2	0.945	330	18	0	1	330	1	330	4.260E-247	753
Q891A0	Q891A0	1.000	460	0	0	1	460	1	460	0.000E+00	1098
A5UFS2	A5UFS2	1.000	711	0	0	1	711	1	711	0.000E+00	1720
A5UFS2	P44524	0.991	711	6	0	1	711	1	711	0.000E+00	1710
A5UFS2	A5UB28	0.991	711	6	0	1	711	1	711	0.000E+00	1708
A5UFS2	Q4QP66	0.977	711	16	0	1	711	1	711	0.000E+00	1682
P57444	P57444	1.000	701	0	0	1	701	1	701	0.000E+00	1708
B7H3Q6	B0VR22	1.000	361	0	0	1	361	1	361	8.490E-285	863
B7H3Q6	B7H3Q6	1.000	361	0	0	1	361	1	361	8.490E-285	863
B7H3Q6	B7I4Y4	1.000	361	0	0	1	361	1	361	8.490E-285	863
B7H3Q6	B0VCX5	0.997	361	1	0	1	361	1	361	1.225E-283	860
B7H3Q6	A3M4W0	0.997	361	1	0	1	361	1	361	2.627E-283	859
B7H3Q6	B2HYZ7	0.986	361	5	0	1	361	1	361	3.678E-280	850
F1QVR8	F1QVR8	1.000	207	0	0	1	207	1	207	6.257E-166	507
Q3YXQ6	Q31WU9	1.000	378	0	0	1	378	1	378	2.086E-302	915
Q3YXQ6	Q3YXQ6	1.000	378	0	0	1	378	1	378	2.086E-302	915
Q3YXQ6	Q32BN8	0.997	378	1	0	1	378	1	378	1.405E-301	913
Q3YXQ6	A1AG02	0.994	378	2	0	1	378	1	378	9.457E-301	910
Q3YXQ6	Q1R6P6	0.994	378	2	0	1	378	1	378	9.457E-301	910
Q3YXQ6	Q8FDE5	0.994	378	2	0	1	378	1	378	9.457E-301	910
Q3YXQ6	B1IRN3	0.994	378	2	0	1	378	1	378	2.969E-300	909
Q3YXQ6	B1XG88	0.994	378	2	0	1	378	1	378	2.969E-300	909
Q3YXQ6	P42596	0.994	378	2	0	1	378	1	378	2.969E-300	909
Q3YXQ6	B1LFI2	0.992	378	3	0	1	378	1	378	4.348E-300	908
Q3YXQ6	Q0TD22	0.992	378	3	0	1	378	1	378	4.348E-300	908
Q3YXQ6	A7ZRW7	0.989	378	4	0	1	378	1	378	6.367E-300	908
Q3YXQ6	B5YRC4	0.992	378	3	0	1	378	1	378	9.323E-300	907
Q3YXQ6	Q8XAK8	0.992	378	3	0	1	378	1	378	9.323E-300	907
Q3YXQ6	A8A4P1	0.989	378	4	0	1	378	1	378	6.275E-299	905
Q3YXQ6	A8APY0	0.931	378	26	0	1	378	1	378	6.792E-280	852
A5F836	A5F836	1.000	708	0	0	1	708	1	708	0.000E+00	1712
A5F836	Q9KRZ5	1.000	708	0	0	1	708	1	708	0.000E+00	1712
A1RKM2	A1RKM2	1.000	709	0	0	1	709	1	709	0.000E+00	1707
A1RKM2	A6WPK6	0.949	709	36	0	1	709	1	709	0.000E+00	1640
A1RKM2	A3D5Q0	0.947	709	38	0	1	709	1	709	0.000E+00	1639
A1RKM2	A9L591	0.946	709	38	0	1	709	1	709	0.000E+00	1637
A1RKM2	Q8EFW4	0.940	709	42	0	1	709	1	709	0.000E+00	1628
Q8ES75	Q8ES75	1.000	459	0	0	1	459	1	459	0.000E+00	1117
Q32BN8	Q32BN8	1.000	378	0	0	1	378	1	378	3.098E-303	917
Q32BN8	A1AG02	0.997	378	1	0	1	378	1	378	2.086E-302	915
Q32BN8	Q1R6P6	0.997	378	1	0	1	378	1	378	2.086E-302	915
Q32BN8	Q8FDE5	0.997	378	1	0	1	378	1	378	2.086E-302	915
Q32BN8	B1IRN3	0.997	378	1	0	1	378	1	378	6.551E-302	913
Q32BN8	B1XG88	0.997	378	1	0	1	378	1	378	6.551E-302	913
Q32BN8	P42596	0.997	378	1	0	1	378	1	378	6.551E-302	913
Q32BN8	B1LFI2	0.994	378	2	0	1	378	1	378	9.593E-302	913
Q32BN8	Q0TD22	0.994	378	2	0	1	378	1	378	9.593E-302	913
Q32BN8	A7ZRW7	0.992	378	3	0	1	378	1	378	1.405E-301	913
Q32BN8	Q31WU9	0.997	378	1	0	1	378	1	378	1.405E-301	913
Q32BN8	Q3YXQ6	0.997	378	1	0	1	378	1	378	1.405E-301	913
Q32BN8	B5YRC4	0.994	378	2	0	1	378	1	378	2.057E-301	912
Q32BN8	Q8XAK8	0.994	378	2	0	1	378	1	378	2.057E-301	912
Q32BN8	A8A4P1	0.992	378	3	0	1	378	1	378	1.385E-300	910
Q32BN8	A8APY0	0.933	378	25	0	1	378	1	378	1.506E-281	857
B4HJC0	B4HJC0	1.000	530	0	0	1	530	1	530	0.000E+00	1284
B4HJC0	B4QVW6	0.996	530	2	0	1	530	1	530	0.000E+00	1280
B4HJC0	Q9VH48	0.992	530	4	0	1	530	1	530	0.000E+00	1276
B4HJC0	B3P4N5	0.992	530	4	0	1	530	1	530	0.000E+00	1273
B4HJC0	B4PVH6	0.988	530	6	0	1	530	1	530	0.000E+00	1267
B4HJC0	B3M1E1	0.951	519	25	0	1	519	1	519	0.000E+00	1205
B4HJC0	B4GZ20	0.947	519	27	0	1	519	1	519	0.000E+00	1198
B4HJC0	Q29B63	0.947	519	27	0	1	519	1	519	0.000E+00	1198
B4HJC0	B4NKI9	0.932	518	35	0	2	519	4	521	0.000E+00	1182
B4HJC0	B4LVS8	0.923	507	39	0	13	519	20	526	0.000E+00	1155
B4HJC0	B4KA23	0.923	507	39	0	13	519	21	527	0.000E+00	1155
Q8K1A0	Q8K1A0	1.000	209	0	0	1	209	1	209	1.719E-164	504
Q8K1A0	Q9NRN9	0.913	209	18	0	1	209	1	209	1.470E-152	470
Q9A9T7	Q9A9T7	1.000	289	0	0	1	289	1	289	4.924E-221	674
Q8XNG6	Q8XNG6	1.000	455	0	0	1	455	1	455	0.000E+00	1101
Q9CNW9	Q9CNW9	1.000	719	0	0	1	719	1	719	0.000E+00	1753
Q58120	Q58120	1.000	351	0	0	1	351	1	351	6.649E-277	839
A3M4W0	A3M4W0	1.000	361	0	0	1	361	1	361	5.798E-285	864
A3M4W0	B0VR22	0.997	361	1	0	1	361	1	361	2.627E-283	859
A3M4W0	B7H3Q6	0.997	361	1	0	1	361	1	361	2.627E-283	859
A3M4W0	B7I4Y4	0.997	361	1	0	1	361	1	361	2.627E-283	859
A3M4W0	B0VCX5	0.994	361	2	0	1	361	1	361	3.790E-282	856
A3M4W0	B2HYZ7	0.983	361	6	0	1	361	1	361	1.137E-278	846
Q5NGC3	Q14HS5	1.000	717	0	0	1	717	1	717	0.000E+00	1735
Q5NGC3	Q5NGC3	1.000	717	0	0	1	717	1	717	0.000E+00	1735
Q5NGC3	A4IXN4	0.997	717	2	0	1	717	1	717	0.000E+00	1733
Q5NGC3	A7NCY2	0.994	717	4	0	1	717	1	717	0.000E+00	1728
Q5NGC3	Q0BLC3	0.994	717	4	0	1	717	1	717	0.000E+00	1728
Q5NGC3	Q2A2U4	0.994	717	4	0	1	717	1	717	0.000E+00	1728
Q5NGC3	B2SGG3	0.990	717	7	0	1	717	1	717	0.000E+00	1721
Q5NGC3	A0Q621	0.986	717	10	0	1	717	1	717	0.000E+00	1716
B0W3L6	B0W3L6	1.000	599	0	0	1	599	1	599	0.000E+00	1462
Q5PGN2	B5BBV5	1.000	375	0	0	1	375	1	375	6.901E-306	924
Q5PGN2	Q5PGN2	1.000	375	0	0	1	375	1	375	6.901E-306	924
Q5PGN2	B5FPZ6	0.994	374	2	0	1	374	1	374	1.441E-303	918
Q5PGN2	B5F101	0.994	374	2	0	1	374	1	374	3.090E-303	917
Q5PGN2	Q8Z841	0.991	374	3	0	1	374	1	374	4.464E-302	913
Q5PGN2	B5QYK4	0.991	374	3	0	1	374	1	374	3.007E-301	911
Q5PGN2	B4TRN5	0.989	374	4	0	1	374	1	374	4.403E-301	911
Q5PGN2	Q8ZQJ5	0.989	374	4	0	1	374	1	374	2.965E-300	908
Q5PGN2	A9N824	0.986	374	5	0	1	374	1	374	1.363E-299	907
Q5PGN2	C0PXN9	0.986	374	5	0	1	374	1	374	1.363E-299	907
Q5PGN2	Q57R80	0.986	374	5	0	1	374	1	374	1.363E-299	907
Q5PGN2	A9MIM3	0.983	374	6	0	1	374	1	374	1.996E-299	906
Q5PGN2	B4T0E3	0.983	374	6	0	1	374	1	374	1.968E-298	903
Q6G836	Q6G836	1.000	453	0	0	1	453	1	453	0.000E+00	1096
Q6G836	Q8NVT4	1.000	453	0	0	1	453	1	453	0.000E+00	1096
Q6G836	Q7A4Q9	0.997	453	1	0	1	453	1	453	0.000E+00	1094
Q6G836	Q99SY9	0.997	453	1	0	1	453	1	453	0.000E+00	1094
Q6G836	Q5HEM5	0.997	453	1	0	1	453	1	453	0.000E+00	1091
Q6G836	Q6GFG0	0.991	453	4	0	1	453	1	453	0.000E+00	1088
Q5F757	B4RN45	1.000	362	0	0	1	362	1	362	1.035E-289	877
Q5F757	Q5F757	1.000	362	0	0	1	362	1	362	1.035E-289	877
Q8FDE5	A1AG02	1.000	378	0	0	1	378	1	378	9.866E-304	919
Q8FDE5	Q1R6P6	1.000	378	0	0	1	378	1	378	9.866E-304	919
Q8FDE5	Q8FDE5	1.000	378	0	0	1	378	1	378	9.866E-304	919
Q8FDE5	B1LFI2	0.997	378	1	0	1	378	1	378	4.537E-303	917
Q8FDE5	Q0TD22	0.997	378	1	0	1	378	1	378	4.537E-303	917
Q8FDE5	B5YRC4	0.997	378	1	0	1	378	1	378	9.729E-303	916
Q8FDE5	Q8XAK8	0.997	378	1	0	1	378	1	378	9.729E-303	916
Q8FDE5	Q32BN8	0.997	378	1	0	1	378	1	378	2.086E-302	915
Q8FDE5	B1IRN3	0.994	378	2	0	1	378	1	378	4.411E-301	911
Q8FDE5	B1XG88	0.994	378	2	0	1	378	1	378	4.411E-301	911
Q8FDE5	P42596	0.994	378	2	0	1	378	1	378	4.411E-301	911
Q8FDE5	A7ZRW7	0.989	378	4	0	1	378	1	378	9.457E-301	910
Q8FDE5	Q31WU9	0.994	378	2	0	1	378	1	378	9.457E-301	910
Q8FDE5	Q3YXQ6	0.994	378	2	0	1	378	1	378	9.457E-301	910
Q8FDE5	A8A4P1	0.989	378	4	0	1	378	1	378	9.323E-300	907
Q8FDE5	A8APY0	0.936	378	24	0	1	378	1	378	7.150E-283	860
A9N824	A9N824	1.000	376	0	0	1	376	1	376	3.610E-305	922
A9N824	C0PXN9	1.000	376	0	0	1	376	1	376	3.610E-305	922
A9N824	Q57R80	1.000	376	0	0	1	376	1	376	3.610E-305	922
A9N824	Q8ZQJ5	0.992	376	3	0	1	376	1	376	1.103E-302	915
A9N824	B5QYK4	0.994	374	2	0	1	374	1	374	2.366E-302	914
A9N824	B4T0E3	0.986	376	5	0	1	376	1	376	3.417E-301	911
A9N824	B5FPZ6	0.986	374	5	0	1	374	1	374	7.224E-300	907
A9N824	B5BBV5	0.986	374	5	0	1	374	1	374	1.549E-299	907
A9N824	Q5PGN2	0.986	374	5	0	1	374	1	374	1.549E-299	907
A9N824	Q8Z841	0.983	374	6	0	1	374	1	374	2.236E-298	903
A9N824	B5F101	0.981	374	7	0	1	374	1	374	1.028E-297	901
A9N824	B4TRN5	0.981	374	7	0	1	374	1	374	2.204E-297	901
A9N824	A9MIM3	0.975	374	9	0	1	374	1	374	9.984E-296	896
Q29B63	B4GZ20	1.000	531	0	0	1	531	1	531	0.000E+00	1290
Q29B63	Q29B63	1.000	531	0	0	1	531	1	531	0.000E+00	1290
Q29B63	B3M1E1	0.941	531	31	0	1	531	1	531	0.000E+00	1226
Q29B63	B4NKI9	0.944	525	29	0	7	531	9	533	0.000E+00	1218
Q29B63	B4PVH6	0.955	519	23	0	1	519	1	519	0.000E+00	1206
Q29B63	B3P4N5	0.955	519	23	0	1	519	1	519	0.000E+00	1205
Q29B63	B4KA23	0.938	519	32	0	13	531	21	539	0.000E+00	1201
Q29B63	Q9VH48	0.947	519	27	0	1	519	1	519	0.000E+00	1199
Q29B63	B4HJC0	0.947	519	27	0	1	519	1	519	0.000E+00	1198
Q29B63	B4QVW6	0.947	519	27	0	1	519	1	519	0.000E+00	1198
Q29B63	B4LVS8	0.938	519	32	0	13	531	20	538	0.000E+00	1197
Q8MSW4	Q8MSW4	1.000	213	0	0	1	213	1	213	4.521E-170	520
Q2S0I2	Q2S0I2	1.000	296	0	0	1	296	1	296	3.134E-234	712
B1IRN3	B1IRN3	1.000	378	0	0	1	378	1	378	6.644E-303	916
B1IRN3	B1XG88	1.000	378	0	0	1	378	1	378	6.644E-303	916
B1IRN3	P42596	1.000	378	0	0	1	378	1	378	6.644E-303	916
B1IRN3	Q32BN8	0.997	378	1	0	1	378	1	378	6.551E-302	913
B1IRN3	A1AG02	0.994	378	2	0	1	378	1	378	4.411E-301	911
B1IRN3	Q1R6P6	0.994	378	2	0	1	378	1	378	4.411E-301	911
B1IRN3	Q8FDE5	0.994	378	2	0	1	378	1	378	4.411E-301	911
B1IRN3	B1LFI2	0.992	378	3	0	1	378	1	378	2.028E-300	909
B1IRN3	Q0TD22	0.992	378	3	0	1	378	1	378	2.028E-300	909
B1IRN3	A7ZRW7	0.989	378	4	0	1	378	1	378	2.969E-300	909
B1IRN3	Q31WU9	0.994	378	2	0	1	378	1	378	2.969E-300	909
B1IRN3	Q3YXQ6	0.994	378	2	0	1	378	1	378	2.969E-300	909
B1IRN3	B5YRC4	0.992	378	3	0	1	378	1	378	4.348E-300	908
B1IRN3	Q8XAK8	0.992	378	3	0	1	378	1	378	4.348E-300	908
B1IRN3	A8A4P1	0.989	378	4	0	1	378	1	378	2.927E-299	906
B1IRN3	A8APY0	0.933	378	25	0	1	378	1	378	4.803E-282	858
B4QVW6	B4QVW6	1.000	530	0	0	1	530	1	530	0.000E+00	1284
B4QVW6	B4HJC0	0.996	530	2	0	1	530	1	530	0.000E+00	1280
B4QVW6	Q9VH48	0.992	530	4	0	1	530	1	530	0.000E+00	1277
B4QVW6	B3P4N5	0.992	530	4	0	1	530	1	530	0.000E+00	1273
B4QVW6	B4PVH6	0.988	530	6	0	1	530	1	530	0.000E+00	1268
B4QVW6	B3M1E1	0.949	519	26	0	1	519	1	519	0.000E+00	1204
B4QVW6	B4GZ20	0.947	519	27	0	1	519	1	519	0.000E+00	1198
B4QVW6	Q29B63	0.947	519	27	0	1	519	1	519	0.000E+00	1198
B4QVW6	B4NKI9	0.950	507	25	0	13	519	15	521	0.000E+00	1183
B4QVW6	B4LVS8	0.923	507	39	0	13	519	20	526	0.000E+00	1155
B4QVW6	B4KA23	0.923	507	39	0	13	519	21	527	0.000E+00	1155
Q97F67	Q97F67	1.000	285	0	0	1	285	1	285	2.963E-221	674
P39587	P39587	1.000	396	0	0	1	396	1	396	1.583E-309	938
Q18511	Q18511	1.000	214	0	0	1	214	1	214	2.397E-170	521
Q92AQ7	Q92AQ7	1.000	453	0	0	1	453	1	453	0.000E+00	1087
Q92AQ7	Q8Y6D6	0.931	452	31	0	1	452	1	452	0.000E+00	1020
Q92AQ7	Q71YR7	0.929	452	32	0	1	452	1	452	0.000E+00	1020
Q8Z7S6	Q8Z7S6	1.000	702	0	0	1	702	1	702	0.000E+00	1701
Q8Z7S6	B4TRX1	0.994	702	4	0	1	702	1	702	0.000E+00	1692
Q8Z7S6	B4T1Z1	0.992	702	6	0	1	702	1	702	0.000E+00	1690
Q8Z7S6	B4TDY8	0.992	702	6	0	1	702	1	702	0.000E+00	1690
Q8Z7S6	B5BBL9	0.992	702	6	0	1	702	1	702	0.000E+00	1690
Q8Z7S6	B5F1U5	0.992	702	6	0	1	702	1	702	0.000E+00	1690
Q8Z7S6	B5FQZ1	0.992	702	6	0	1	702	1	702	0.000E+00	1690
Q8Z7S6	B5QZF1	0.992	702	6	0	1	702	1	702	0.000E+00	1690
Q8Z7S6	Q5PGE3	0.992	702	6	0	1	702	1	702	0.000E+00	1690
Q8Z7S6	Q8ZQ73	0.992	702	6	0	1	702	1	702	0.000E+00	1690
Q8Z7S6	B5R6B4	0.991	702	6	0	1	702	1	702	0.000E+00	1689
Q8Z7S6	Q57QU1	0.991	702	6	0	1	702	1	702	0.000E+00	1685
Q8Z7S6	A9N6Y0	0.991	702	6	0	1	702	1	702	0.000E+00	1683
Q8Z7S6	Q3Z3H3	0.914	702	60	0	1	702	1	702	0.000E+00	1584
Q830R6	Q830R6	1.000	456	0	0	1	456	1	456	0.000E+00	1093
Q7VPN5	Q7VPN5	1.000	293	0	0	1	293	1	293	3.085E-233	709
A5F0U5	A5F0U5	1.000	375	0	0	1	375	1	375	8.920E-297	899
A5F0U5	C3LWJ3	1.000	375	0	0	1	375	1	375	8.920E-297	899
A5F0U5	Q9KL20	0.962	375	14	0	1	375	1	375	7.544E-286	868
B2SGG3	B2SGG3	1.000	717	0	0	1	717	1	717	0.000E+00	1738
B2SGG3	A4IXN4	0.993	717	5	0	1	717	1	717	0.000E+00	1724
B2SGG3	Q14HS5	0.990	717	7	0	1	717	1	717	0.000E+00	1721
B2SGG3	Q5NGC3	0.990	717	7	0	1	717	1	717	0.000E+00	1721
B2SGG3	A7NCY2	0.990	717	7	0	1	717	1	717	0.000E+00	1720
B2SGG3	Q0BLC3	0.990	717	7	0	1	717	1	717	0.000E+00	1720
B2SGG3	Q2A2U4	0.990	717	7	0	1	717	1	717	0.000E+00	1720
B2SGG3	A0Q621	0.981	717	14	0	1	717	1	717	0.000E+00	1708
B4T1Z1	B4T1Z1	1.000	702	0	0	1	702	1	702	0.000E+00	1700
B4T1Z1	B4TDY8	1.000	702	0	0	1	702	1	702	0.000E+00	1700
B4T1Z1	B5BBL9	1.000	702	0	0	1	702	1	702	0.000E+00	1700
B4T1Z1	B5F1U5	1.000	702	0	0	1	702	1	702	0.000E+00	1700
B4T1Z1	B5FQZ1	1.000	702	0	0	1	702	1	702	0.000E+00	1700
B4T1Z1	B5QZF1	1.000	702	0	0	1	702	1	702	0.000E+00	1700
B4T1Z1	Q5PGE3	1.000	702	0	0	1	702	1	702	0.000E+00	1700
B4T1Z1	Q8ZQ73	1.000	702	0	0	1	702	1	702	0.000E+00	1700
B4T1Z1	B5R6B4	0.998	702	1	0	1	702	1	702	0.000E+00	1698
B4T1Z1	B4TRX1	0.998	702	1	0	1	702	1	702	0.000E+00	1697
B4T1Z1	Q57QU1	0.998	702	1	0	1	702	1	702	0.000E+00	1695
B4T1Z1	A9N6Y0	0.998	702	1	0	1	702	1	702	0.000E+00	1693
B4T1Z1	Q8Z7S6	0.992	702	6	0	1	702	1	702	0.000E+00	1690
B4T1Z1	Q3Z3H3	0.918	702	57	0	1	702	1	702	0.000E+00	1590
B5QYK4	B5QYK4	1.000	375	0	0	1	375	1	375	9.973E-305	921
B5QYK4	Q8ZQJ5	0.997	374	1	0	1	374	1	374	4.526E-303	916
B5QYK4	A9N824	0.994	374	2	0	1	374	1	374	2.082E-302	914
B5QYK4	C0PXN9	0.994	374	2	0	1	374	1	374	2.082E-302	914
B5QYK4	Q57R80	0.994	374	2	0	1	374	1	374	2.082E-302	914
B5QYK4	B5FPZ6	0.992	375	3	0	1	375	1	375	3.048E-302	914
B5QYK4	B5BBV5	0.991	374	3	0	1	374	1	374	3.007E-301	911
B5QYK4	Q5PGN2	0.991	374	3	0	1	374	1	374	3.007E-301	911
B5QYK4	Q8Z841	0.989	375	4	0	1	375	1	375	9.442E-301	910
B5QYK4	B5F101	0.986	375	5	0	1	375	1	375	4.342E-300	908
B5QYK4	B4TRN5	0.986	375	5	0	1	375	1	375	9.310E-300	907
B5QYK4	B4T0E3	0.986	374	5	0	1	374	1	374	9.310E-300	907
B5QYK4	A9MIM3	0.981	375	7	0	1	375	1	375	4.221E-298	902
Q5HEM5	Q5HEM5	1.000	453	0	0	1	453	1	453	0.000E+00	1094
Q5HEM5	Q6G836	0.997	453	1	0	1	453	1	453	0.000E+00	1091
Q5HEM5	Q8NVT4	0.997	453	1	0	1	453	1	453	0.000E+00	1091
Q5HEM5	Q7A4Q9	0.995	453	2	0	1	453	1	453	0.000E+00	1089
Q5HEM5	Q99SY9	0.995	453	2	0	1	453	1	453	0.000E+00	1089
Q5HEM5	Q6GFG0	0.988	453	5	0	1	453	1	453	0.000E+00	1083
Q4QNK7	Q4QNK7	1.000	438	0	0	1	438	1	438	0.000E+00	1060
B3PL62	B3PL62	1.000	485	0	0	1	485	1	485	0.000E+00	1161
Q8ZQ73	B4T1Z1	1.000	702	0	0	1	702	1	702	0.000E+00	1700
Q8ZQ73	B4TDY8	1.000	702	0	0	1	702	1	702	0.000E+00	1700
Q8ZQ73	B5BBL9	1.000	702	0	0	1	702	1	702	0.000E+00	1700
Q8ZQ73	B5F1U5	1.000	702	0	0	1	702	1	702	0.000E+00	1700
Q8ZQ73	B5FQZ1	1.000	702	0	0	1	702	1	702	0.000E+00	1700
Q8ZQ73	B5QZF1	1.000	702	0	0	1	702	1	702	0.000E+00	1700
Q8ZQ73	Q5PGE3	1.000	702	0	0	1	702	1	702	0.000E+00	1700
Q8ZQ73	Q8ZQ73	1.000	702	0	0	1	702	1	702	0.000E+00	1700
Q8ZQ73	B5R6B4	0.998	702	1	0	1	702	1	702	0.000E+00	1698
Q8ZQ73	B4TRX1	0.998	702	1	0	1	702	1	702	0.000E+00	1697
Q8ZQ73	Q57QU1	0.998	702	1	0	1	702	1	702	0.000E+00	1695
Q8ZQ73	A9N6Y0	0.998	702	1	0	1	702	1	702	0.000E+00	1693
Q8ZQ73	Q8Z7S6	0.992	702	6	0	1	702	1	702	0.000E+00	1690
Q8ZQ73	Q3Z3H3	0.918	702	57	0	1	702	1	702	0.000E+00	1590
B3M1E1	B3M1E1	1.000	531	0	0	1	531	1	531	0.000E+00	1284
B3M1E1	B4GZ20	0.941	531	31	0	1	531	1	531	0.000E+00	1226
B3M1E1	Q29B63	0.941	531	31	0	1	531	1	531	0.000E+00	1226
B3M1E1	B4NKI9	0.935	525	34	0	7	531	9	533	0.000E+00	1211
B3M1E1	B3P4N5	0.953	519	24	0	1	519	1	519	0.000E+00	1208
B3M1E1	Q9VH48	0.953	519	24	0	1	519	1	519	0.000E+00	1206
B3M1E1	B4HJC0	0.951	519	25	0	1	519	1	519	0.000E+00	1205
B3M1E1	B4QVW6	0.949	519	26	0	1	519	1	519	0.000E+00	1204
B3M1E1	B4PVH6	0.949	519	26	0	1	519	1	519	0.000E+00	1203
B3M1E1	B4KA23	0.936	519	33	0	13	531	21	539	0.000E+00	1203
B3M1E1	B4LVS8	0.934	519	34	0	13	531	20	538	0.000E+00	1195
C6DEQ3	C6DEQ3	1.000	376	0	0	1	376	1	376	1.028E-297	901
C6DEQ3	Q6D3S2	0.962	374	14	0	1	374	1	374	1.833E-285	867
Q66CG1	A7FJT9	1.000	706	0	0	1	706	1	706	0.000E+00	1695
Q66CG1	Q66CG1	1.000	706	0	0	1	706	1	706	0.000E+00	1695
Q66CG1	B2JYS1	0.997	706	2	0	1	706	1	706	0.000E+00	1690
Q66CG1	A9R7L5	0.997	706	2	0	1	706	1	706	0.000E+00	1689
Q66CG1	B1JQR7	0.997	706	2	0	1	706	1	706	0.000E+00	1689
Q66CG1	Q1CA41	0.997	706	2	0	1	706	1	706	0.000E+00	1689
Q66CG1	Q1CGJ3	0.997	706	2	0	1	706	1	706	0.000E+00	1689
Q66CG1	Q7CHK7	0.997	706	2	0	1	706	1	706	0.000E+00	1689
Q66CG1	A4TMZ0	0.995	706	4	0	1	706	1	706	0.000E+00	1686
Q66CG1	A1JMQ6	0.963	706	26	0	1	706	1	706	0.000E+00	1634
A9CG70	A9CG70	1.000	289	0	0	1	289	1	289	1.071E-221	676
Q12PZ8	Q12PZ8	1.000	468	0	0	1	468	1	468	0.000E+00	1104
Q59043	Q59043	1.000	387	0	0	1	387	1	387	6.960E-306	926
A3MYD2	A3MYD2	1.000	712	0	0	1	712	1	712	0.000E+00	1739
A3MYD2	B0BRL8	0.994	712	4	0	1	712	1	712	0.000E+00	1728
A3MYD2	B3GZQ0	0.981	712	14	0	1	712	1	712	0.000E+00	1714
Q09833	Q09833	1.000	527	0	0	1	527	1	527	0.000E+00	1267
Q89B29	Q89B29	1.000	196	0	0	1	196	1	196	1.306E-153	471
B4NKI9	B4NKI9	1.000	533	0	0	1	533	1	533	0.000E+00	1297
B4NKI9	B4GZ20	0.944	525	29	0	9	533	7	531	0.000E+00	1218
B4NKI9	Q29B63	0.944	525	29	0	9	533	7	531	0.000E+00	1218
B4NKI9	B3M1E1	0.935	525	34	0	9	533	7	531	0.000E+00	1211
B4NKI9	B4KA23	0.932	521	35	0	13	533	19	539	0.000E+00	1203
B4NKI9	B4LVS8	0.932	521	35	0	13	533	18	538	0.000E+00	1201
B4NKI9	B3P4N5	0.936	518	33	0	4	521	2	519	0.000E+00	1187
B4NKI9	B4PVH6	0.936	518	33	0	4	521	2	519	0.000E+00	1185
B4NKI9	Q9VH48	0.932	518	35	0	4	521	2	519	0.000E+00	1183
B4NKI9	B4QVW6	0.950	507	25	0	15	521	13	519	0.000E+00	1183
B4NKI9	B4HJC0	0.932	518	35	0	4	521	2	519	0.000E+00	1182
B4T0E3	B4T0E3	1.000	376	0	0	1	376	1	376	7.742E-305	921
B4T0E3	A9N824	0.986	376	5	0	1	376	1	376	3.417E-301	911
B4T0E3	C0PXN9	0.986	376	5	0	1	376	1	376	3.417E-301	911
B4T0E3	Q57R80	0.986	376	5	0	1	376	1	376	3.417E-301	911
B4T0E3	Q8Z841	0.991	374	3	0	1	374	1	374	1.571E-300	909
B4T0E3	Q8ZQJ5	0.984	376	6	0	1	376	1	376	4.933E-300	908
B4T0E3	B5QYK4	0.986	374	5	0	1	374	1	374	1.058E-299	907
B4T0E3	B5FPZ6	0.983	374	6	0	1	374	1	374	1.043E-298	904
B4T0E3	B5BBV5	0.983	374	6	0	1	374	1	374	2.236E-298	903
B4T0E3	Q5PGN2	0.983	374	6	0	1	374	1	374	2.236E-298	903
B4T0E3	B5F101	0.978	374	8	0	1	374	1	374	1.483E-296	898
B4T0E3	B4TRN5	0.978	374	8	0	1	374	1	374	3.180E-296	897
B4T0E3	A9MIM3	0.973	374	10	0	1	374	1	374	1.440E-294	893
B4TDY8	B4T1Z1	1.000	702	0	0	1	702	1	702	0.000E+00	1700
B4TDY8	B4TDY8	1.000	702	0	0	1	702	1	702	0.000E+00	1700
B4TDY8	B5BBL9	1.000	702	0	0	1	702	1	702	0.000E+00	1700
B4TDY8	B5F1U5	1.000	702	0	0	1	702	1	702	0.000E+00	1700
B4TDY8	B5FQZ1	1.000	702	0	0	1	702	1	702	0.000E+00	1700
B4TDY8	B5QZF1	1.000	702	0	0	1	702	1	702	0.000E+00	1700
B4TDY8	Q5PGE3	1.000	702	0	0	1	702	1	702	0.000E+00	1700
B4TDY8	Q8ZQ73	1.000	702	0	0	1	702	1	702	0.000E+00	1700
B4TDY8	B5R6B4	0.998	702	1	0	1	702	1	702	0.000E+00	1698
B4TDY8	B4TRX1	0.998	702	1	0	1	702	1	702	0.000E+00	1697
B4TDY8	Q57QU1	0.998	702	1	0	1	702	1	702	0.000E+00	1695
B4TDY8	A9N6Y0	0.998	702	1	0	1	702	1	702	0.000E+00	1693
B4TDY8	Q8Z7S6	0.992	702	6	0	1	702	1	702	0.000E+00	1690
B4TDY8	Q3Z3H3	0.918	702	57	0	1	702	1	702	0.000E+00	1590
A3D5Q0	A3D5Q0	1.000	709	0	0	1	709	1	709	0.000E+00	1703
A3D5Q0	A9L591	0.995	709	4	0	1	709	1	709	0.000E+00	1696
A3D5Q0	A6WPK6	0.994	709	4	0	1	709	1	709	0.000E+00	1695
A3D5Q0	A1RKM2	0.947	709	38	0	1	709	1	709	0.000E+00	1639
A3D5Q0	Q8EFW4	0.909	709	64	0	1	709	1	709	0.000E+00	1590
P0ADY0	P0ADX9	1.000	198	0	0	1	198	1	198	5.499E-156	478
P0ADY0	P0ADY0	1.000	198	0	0	1	198	1	198	5.499E-156	478
Q6GFG0	Q6GFG0	1.000	453	0	0	1	453	1	453	0.000E+00	1097
Q6GFG0	Q6G836	0.991	453	4	0	1	453	1	453	0.000E+00	1088
Q6GFG0	Q8NVT4	0.991	453	4	0	1	453	1	453	0.000E+00	1088
Q6GFG0	Q7A4Q9	0.988	453	5	0	1	453	1	453	0.000E+00	1087
Q6GFG0	Q99SY9	0.988	453	5	0	1	453	1	453	0.000E+00	1087
Q6GFG0	Q5HEM5	0.988	453	5	0	1	453	1	453	0.000E+00	1083
B1XU70	B1XU70	1.000	475	0	0	1	475	1	475	0.000E+00	1140
B5F101	B5F101	1.000	375	0	0	1	375	1	375	3.175E-305	922
B5F101	B5BBV5	0.994	374	2	0	1	374	1	374	3.090E-303	917
B5F101	Q5PGN2	0.994	374	2	0	1	374	1	374	3.090E-303	917
B5F101	B5FPZ6	0.989	375	4	0	1	375	1	375	2.082E-302	914
B5F101	Q8Z841	0.986	375	5	0	1	375	1	375	6.448E-301	910
B5F101	B5QYK4	0.986	375	5	0	1	375	1	375	4.342E-300	908
B5F101	B4TRN5	0.984	375	6	0	1	375	1	375	6.358E-300	907
B5F101	Q8ZQJ5	0.983	374	6	0	1	374	1	374	1.968E-298	903
B5F101	A9MIM3	0.978	375	8	0	1	375	1	375	2.882E-298	903
B5F101	A9N824	0.981	374	7	0	1	374	1	374	9.050E-298	901
B5F101	C0PXN9	0.981	374	7	0	1	374	1	374	9.050E-298	901
B5F101	Q57R80	0.981	374	7	0	1	374	1	374	9.050E-298	901
B5F101	B4T0E3	0.978	374	8	0	1	374	1	374	1.306E-296	898
Q9X0H9	Q9X0H9	1.000	439	0	0	1	439	1	439	0.000E+00	1053
B7I4Y4	B0VR22	1.000	361	0	0	1	361	1	361	8.490E-285	863
B7I4Y4	B7H3Q6	1.000	361	0	0	1	361	1	361	8.490E-285	863
B7I4Y4	B7I4Y4	1.000	361	0	0	1	361	1	361	8.490E-285	863
B7I4Y4	B0VCX5	0.997	361	1	0	1	361	1	361	1.225E-283	860
B7I4Y4	A3M4W0	0.997	361	1	0	1	361	1	361	2.627E-283	859
B7I4Y4	B2HYZ7	0.986	361	5	0	1	361	1	361	3.678E-280	850
Q3Z3H3	Q3Z3H3	1.000	702	0	0	1	702	1	702	0.000E+00	1702
Q3Z3H3	B4TRX1	0.920	702	56	0	1	702	1	702	0.000E+00	1591
Q3Z3H3	B4T1Z1	0.918	702	57	0	1	702	1	702	0.000E+00	1590
Q3Z3H3	B4TDY8	0.918	702	57	0	1	702	1	702	0.000E+00	1590
Q3Z3H3	B5BBL9	0.918	702	57	0	1	702	1	702	0.000E+00	1590
Q3Z3H3	B5F1U5	0.918	702	57	0	1	702	1	702	0.000E+00	1590
Q3Z3H3	B5FQZ1	0.918	702	57	0	1	702	1	702	0.000E+00	1590
Q3Z3H3	B5QZF1	0.918	702	57	0	1	702	1	702	0.000E+00	1590
Q3Z3H3	Q5PGE3	0.918	702	57	0	1	702	1	702	0.000E+00	1590
Q3Z3H3	Q8ZQ73	0.918	702	57	0	1	702	1	702	0.000E+00	1590
Q3Z3H3	B5R6B4	0.917	702	58	0	1	702	1	702	0.000E+00	1588
Q3Z3H3	Q57QU1	0.917	702	58	0	1	702	1	702	0.000E+00	1585
Q3Z3H3	Q8Z7S6	0.914	702	60	0	1	702	1	702	0.000E+00	1584
Q3Z3H3	A9N6Y0	0.917	702	58	0	1	702	1	702	0.000E+00	1583
P57136	P57136	1.000	191	0	0	1	191	1	191	9.914E-153	468
Q74CC6	Q74CC6	1.000	438	0	0	1	438	1	438	0.000E+00	1076
A7MEX5	A7MEX5	1.000	705	0	0	1	705	1	705	0.000E+00	1701
A7NCY2	A7NCY2	1.000	717	0	0	1	717	1	717	0.000E+00	1735
A7NCY2	Q0BLC3	1.000	717	0	0	1	717	1	717	0.000E+00	1735
A7NCY2	Q2A2U4	1.000	717	0	0	1	717	1	717	0.000E+00	1735
A7NCY2	A4IXN4	0.997	717	2	0	1	717	1	717	0.000E+00	1731
A7NCY2	Q14HS5	0.994	717	4	0	1	717	1	717	0.000E+00	1728
A7NCY2	Q5NGC3	0.994	717	4	0	1	717	1	717	0.000E+00	1728
A7NCY2	B2SGG3	0.990	717	7	0	1	717	1	717	0.000E+00	1720
A7NCY2	A0Q621	0.986	717	10	0	1	717	1	717	0.000E+00	1714
Q0HJZ9	Q0HJZ9	1.000	713	0	0	1	713	1	713	0.000E+00	1714
Q0HJZ9	Q0HWA0	0.998	713	1	0	1	713	1	713	0.000E+00	1713
Q0HJZ9	A0KVL6	0.991	713	6	0	1	713	1	713	0.000E+00	1702
A7ZRW7	A7ZRW7	1.000	378	0	0	1	378	1	378	1.445E-303	918
A7ZRW7	Q32BN8	0.992	378	3	0	1	378	1	378	1.405E-301	913
A7ZRW7	A8A4P1	0.994	378	2	0	1	378	1	378	3.012E-301	912
A7ZRW7	A1AG02	0.989	378	4	0	1	378	1	378	9.457E-301	910
A7ZRW7	Q1R6P6	0.989	378	4	0	1	378	1	378	9.457E-301	910
A7ZRW7	Q8FDE5	0.989	378	4	0	1	378	1	378	9.457E-301	910
A7ZRW7	B1IRN3	0.989	378	4	0	1	378	1	378	2.969E-300	909
A7ZRW7	B1XG88	0.989	378	4	0	1	378	1	378	2.969E-300	909
A7ZRW7	P42596	0.989	378	4	0	1	378	1	378	2.969E-300	909
A7ZRW7	B1LFI2	0.986	378	5	0	1	378	1	378	4.348E-300	908
A7ZRW7	Q0TD22	0.986	378	5	0	1	378	1	378	4.348E-300	908
A7ZRW7	Q31WU9	0.989	378	4	0	1	378	1	378	6.367E-300	908
A7ZRW7	Q3YXQ6	0.989	378	4	0	1	378	1	378	6.367E-300	908
A7ZRW7	B5YRC4	0.986	378	5	0	1	378	1	378	9.323E-300	907
A7ZRW7	Q8XAK8	0.986	378	5	0	1	378	1	378	9.323E-300	907
A7ZRW7	A8APY0	0.925	378	28	0	1	378	1	378	6.792E-280	852
Q9KEF5	Q9KEF5	1.000	463	0	0	1	463	1	463	0.000E+00	1102
Q8NVT4	Q6G836	1.000	453	0	0	1	453	1	453	0.000E+00	1096
Q8NVT4	Q8NVT4	1.000	453	0	0	1	453	1	453	0.000E+00	1096
Q8NVT4	Q7A4Q9	0.997	453	1	0	1	453	1	453	0.000E+00	1094
Q8NVT4	Q99SY9	0.997	453	1	0	1	453	1	453	0.000E+00	1094
Q8NVT4	Q5HEM5	0.997	453	1	0	1	453	1	453	0.000E+00	1091
Q8NVT4	Q6GFG0	0.991	453	4	0	1	453	1	453	0.000E+00	1088
C3LWJ3	A5F0U5	1.000	375	0	0	1	375	1	375	8.920E-297	899
C3LWJ3	C3LWJ3	1.000	375	0	0	1	375	1	375	8.920E-297	899
C3LWJ3	Q9KL20	0.962	375	14	0	1	375	1	375	7.544E-286	868
B5FPZ6	B5FPZ6	1.000	375	0	0	1	375	1	375	1.480E-305	923
B5FPZ6	B5BBV5	0.994	374	2	0	1	374	1	374	1.441E-303	918
B5FPZ6	Q5PGN2	0.994	374	2	0	1	374	1	374	1.441E-303	918
B5FPZ6	Q8Z841	0.992	375	3	0	1	375	1	375	4.526E-303	916
B5FPZ6	B5F101	0.989	375	4	0	1	375	1	375	2.082E-302	914
B5FPZ6	B5QYK4	0.992	375	3	0	1	375	1	375	3.048E-302	914
B5FPZ6	B4TRN5	0.989	375	4	0	1	375	1	375	4.464E-302	913
B5FPZ6	A9MIM3	0.986	375	5	0	1	375	1	375	4.403E-301	911
B5FPZ6	Q8ZQJ5	0.989	374	4	0	1	374	1	374	1.383E-300	909
B5FPZ6	A9N824	0.986	374	5	0	1	374	1	374	6.358E-300	907
B5FPZ6	C0PXN9	0.986	374	5	0	1	374	1	374	6.358E-300	907
B5FPZ6	Q57R80	0.986	374	5	0	1	374	1	374	6.358E-300	907
B5FPZ6	B4T0E3	0.983	374	6	0	1	374	1	374	9.180E-299	904
A8FSS4	A8FSS4	1.000	442	0	0	1	442	1	442	0.000E+00	1048
B4RZ48	B4RZ48	1.000	699	0	0	1	699	1	699	0.000E+00	1695
P0DG16	P0DG16	1.000	451	0	0	1	451	1	451	0.000E+00	1077
P0DG16	P0DG17	1.000	451	0	0	1	451	1	451	0.000E+00	1077
P0DG16	Q99YP3	0.993	451	3	0	1	451	1	451	0.000E+00	1070
P0DG16	Q5XAU1	0.986	451	6	0	1	451	1	451	0.000E+00	1063
P0DG16	Q8P017	0.986	451	6	0	1	451	1	451	0.000E+00	1060
Q8G3P4	Q8G3P4	1.000	294	0	0	1	294	1	294	5.067E-232	705
Q4K898	Q4K898	1.000	450	0	0	1	450	1	450	0.000E+00	1075
Q92RJ3	Q92RJ3	1.000	415	0	0	1	415	1	415	2.144E-321	974
B4GZ20	B4GZ20	1.000	531	0	0	1	531	1	531	0.000E+00	1290
B4GZ20	Q29B63	1.000	531	0	0	1	531	1	531	0.000E+00	1290
B4GZ20	B3M1E1	0.941	531	31	0	1	531	1	531	0.000E+00	1226
B4GZ20	B4NKI9	0.944	525	29	0	7	531	9	533	0.000E+00	1218
B4GZ20	B4PVH6	0.955	519	23	0	1	519	1	519	0.000E+00	1206
B4GZ20	B3P4N5	0.955	519	23	0	1	519	1	519	0.000E+00	1205
B4GZ20	B4KA23	0.938	519	32	0	13	531	21	539	0.000E+00	1201
B4GZ20	Q9VH48	0.947	519	27	0	1	519	1	519	0.000E+00	1199
B4GZ20	B4HJC0	0.947	519	27	0	1	519	1	519	0.000E+00	1198
B4GZ20	B4QVW6	0.947	519	27	0	1	519	1	519	0.000E+00	1198
B4GZ20	B4LVS8	0.938	519	32	0	13	531	20	538	0.000E+00	1197
B0TUZ2	B0TUZ2	1.000	378	0	0	1	378	1	378	6.551E-302	913
P33753	P33753	1.000	639	0	0	1	639	1	639	0.000E+00	1542
Q8XAK8	B5YRC4	1.000	378	0	0	1	378	1	378	1.445E-303	918
Q8XAK8	Q8XAK8	1.000	378	0	0	1	378	1	378	1.445E-303	918
Q8XAK8	A1AG02	0.997	378	1	0	1	378	1	378	9.729E-303	916
Q8XAK8	Q1R6P6	0.997	378	1	0	1	378	1	378	9.729E-303	916
Q8XAK8	Q8FDE5	0.997	378	1	0	1	378	1	378	9.729E-303	916
Q8XAK8	B1LFI2	0.994	378	2	0	1	378	1	378	4.474E-302	914
Q8XAK8	Q0TD22	0.994	378	2	0	1	378	1	378	4.474E-302	914
Q8XAK8	Q32BN8	0.994	378	2	0	1	378	1	378	2.057E-301	912
Q8XAK8	B1IRN3	0.992	378	3	0	1	378	1	378	4.348E-300	908
Q8XAK8	B1XG88	0.992	378	3	0	1	378	1	378	4.348E-300	908
Q8XAK8	P42596	0.992	378	3	0	1	378	1	378	4.348E-300	908
Q8XAK8	A7ZRW7	0.986	378	5	0	1	378	1	378	9.323E-300	907
Q8XAK8	Q31WU9	0.992	378	3	0	1	378	1	378	9.323E-300	907
Q8XAK8	Q3YXQ6	0.992	378	3	0	1	378	1	378	9.323E-300	907
Q8XAK8	A8A4P1	0.986	378	5	0	1	378	1	378	9.189E-299	905
Q8XAK8	A8APY0	0.939	378	23	0	1	378	1	378	1.064E-283	863
Q5E5B4	Q5E5B4	1.000	705	0	0	1	705	1	705	0.000E+00	1698
Q5E5B4	B5FE19	0.991	705	6	0	1	705	1	705	0.000E+00	1684
Q5E5B4	B6ELD3	0.933	705	47	0	1	705	1	705	0.000E+00	1616
B5BBV5	B5BBV5	1.000	375	0	0	1	375	1	375	6.901E-306	924
B5BBV5	Q5PGN2	1.000	375	0	0	1	375	1	375	6.901E-306	924
B5BBV5	B5FPZ6	0.994	374	2	0	1	374	1	374	1.441E-303	918
B5BBV5	B5F101	0.994	374	2	0	1	374	1	374	3.090E-303	917
B5BBV5	Q8Z841	0.991	374	3	0	1	374	1	374	4.464E-302	913
B5BBV5	B5QYK4	0.991	374	3	0	1	374	1	374	3.007E-301	911
B5BBV5	B4TRN5	0.989	374	4	0	1	374	1	374	4.403E-301	911
B5BBV5	Q8ZQJ5	0.989	374	4	0	1	374	1	374	2.965E-300	908
B5BBV5	A9N824	0.986	374	5	0	1	374	1	374	1.363E-299	907
B5BBV5	C0PXN9	0.986	374	5	0	1	374	1	374	1.363E-299	907
B5BBV5	Q57R80	0.986	374	5	0	1	374	1	374	1.363E-299	907
B5BBV5	A9MIM3	0.983	374	6	0	1	374	1	374	1.996E-299	906
B5BBV5	B4T0E3	0.983	374	6	0	1	374	1	374	1.968E-298	903
A6VGG1	A6VGG1	1.000	181	0	0	1	181	1	181	4.839E-136	420
A6VGG1	A4FWV6	0.933	181	12	0	1	181	1	181	1.344E-126	393
Q8Z841	Q8Z841	1.000	375	0	0	1	375	1	375	6.810E-305	921
Q8Z841	B5FPZ6	0.992	375	3	0	1	375	1	375	4.526E-303	916
Q8Z841	B5BBV5	0.991	374	3	0	1	374	1	374	4.464E-302	913
Q8Z841	Q5PGN2	0.991	374	3	0	1	374	1	374	4.464E-302	913
Q8Z841	B5F101	0.986	375	5	0	1	375	1	375	6.448E-301	910
Q8Z841	B5QYK4	0.989	375	4	0	1	375	1	375	9.442E-301	910
Q8Z841	B4TRN5	0.986	375	5	0	1	375	1	375	1.383E-300	909
Q8Z841	B4T0E3	0.991	374	3	0	1	374	1	374	1.383E-300	909
Q8Z841	Q8ZQJ5	0.986	374	5	0	1	374	1	374	4.281E-299	905
Q8Z841	A9MIM3	0.981	375	7	0	1	375	1	375	6.269E-299	905
Q8Z841	A9N824	0.983	374	6	0	1	374	1	374	1.968E-298	903
Q8Z841	C0PXN9	0.983	374	6	0	1	374	1	374	1.968E-298	903
Q8Z841	Q57R80	0.983	374	6	0	1	374	1	374	1.968E-298	903
O34331	O34331	1.000	184	0	0	1	184	1	184	3.557E-142	437
Q7MFU0	Q7MFU0	1.000	376	0	0	1	376	1	376	2.301E-300	909
O58864	O58864	1.000	407	0	0	1	407	1	407	9.881E-324	979
Q99YP3	Q99YP3	1.000	451	0	0	1	451	1	451	0.000E+00	1075
Q99YP3	P0DG16	0.993	451	3	0	1	451	1	451	0.000E+00	1070
Q99YP3	P0DG17	0.993	451	3	0	1	451	1	451	0.000E+00	1070
Q99YP3	Q5XAU1	0.984	451	7	0	1	451	1	451	0.000E+00	1062
Q99YP3	Q8P017	0.984	451	7	0	1	451	1	451	0.000E+00	1058
B4TRN5	B4TRN5	1.000	375	0	0	1	375	1	375	4.650E-305	922
B4TRN5	B5FPZ6	0.989	375	4	0	1	375	1	375	4.464E-302	913
B4TRN5	B5BBV5	0.989	374	4	0	1	374	1	374	4.403E-301	911
B4TRN5	Q5PGN2	0.989	374	4	0	1	374	1	374	4.403E-301	911
B4TRN5	Q8Z841	0.986	375	5	0	1	375	1	375	1.383E-300	909
B4TRN5	B5F101	0.984	375	6	0	1	375	1	375	6.358E-300	907
B4TRN5	B5QYK4	0.986	375	5	0	1	375	1	375	9.310E-300	907
B4TRN5	Q8ZQJ5	0.983	374	6	0	1	374	1	374	4.221E-298	902
B4TRN5	A9MIM3	0.978	375	8	0	1	375	1	375	6.180E-298	902
B4TRN5	A9N824	0.981	374	7	0	1	374	1	374	1.940E-297	901
B4TRN5	C0PXN9	0.981	374	7	0	1	374	1	374	1.940E-297	901
B4TRN5	Q57R80	0.981	374	7	0	1	374	1	374	1.940E-297	901
B4TRN5	B4T0E3	0.978	374	8	0	1	374	1	374	2.800E-296	897
Q7MKX1	Q7MKX1	1.000	707	0	0	1	707	1	707	0.000E+00	1708
Q0I1I7	Q0I1I7	1.000	366	0	0	1	366	1	366	1.775E-291	882
Q0I1I7	B0UVN9	0.991	366	3	0	1	366	1	366	3.699E-289	876
Q8P017	Q8P017	1.000	451	0	0	1	451	1	451	0.000E+00	1077
Q8P017	Q5XAU1	0.991	451	4	0	1	451	1	451	0.000E+00	1071
Q8P017	P0DG16	0.986	451	6	0	1	451	1	451	0.000E+00	1060
Q8P017	P0DG17	0.986	451	6	0	1	451	1	451	0.000E+00	1060
Q8P017	Q99YP3	0.984	451	7	0	1	451	1	451	0.000E+00	1058
Q9KF10	Q9KF10	1.000	458	0	0	1	458	1	458	0.000E+00	1109
A1RV26	A1RV26	1.000	352	0	0	1	352	1	352	1.187E-281	853
Q57G51	Q57G51	1.000	342	0	0	1	342	1	342	2.799E-270	820
Q8IZ69	Q8IZ69	1.000	625	0	0	1	625	1	625	0.000E+00	1532
B5FAG4	B5FAG4	1.000	438	0	0	1	438	1	438	0.000E+00	1045
B5FAG4	Q5E320	0.979	438	9	0	1	438	1	438	0.000E+00	1024
B6ELD3	B6ELD3	1.000	705	0	0	1	705	1	705	0.000E+00	1702
B6ELD3	B5FE19	0.934	705	46	0	1	705	1	705	0.000E+00	1621
B6ELD3	Q5E5B4	0.933	705	47	0	1	705	1	705	0.000E+00	1616
Q6LRA0	Q6LRA0	1.000	712	0	0	1	712	1	712	0.000E+00	1714
Q03055	Q03055	1.000	408	0	0	1	408	1	408	0.000E+00	985
B4EVC6	B4EVC6	1.000	704	0	0	1	704	1	704	0.000E+00	1703
Q7VP04	Q7VP04	1.000	712	0	0	1	712	1	712	0.000E+00	1732
A4FWV6	A4FWV6	1.000	181	0	0	1	181	1	181	1.051E-136	422
A4FWV6	A6VGG1	0.933	181	12	0	1	181	1	181	1.344E-126	393
Q9K4E3	Q9K4E3	1.000	281	0	0	1	281	1	281	4.018E-225	684
Q8U1N4	Q8U1N4	1.000	411	0	0	1	411	1	411	0.000E+00	997
Q1CA41	A9R7L5	1.000	706	0	0	1	706	1	706	0.000E+00	1694
Q1CA41	B1JQR7	1.000	706	0	0	1	706	1	706	0.000E+00	1694
Q1CA41	Q1CA41	1.000	706	0	0	1	706	1	706	0.000E+00	1694
Q1CA41	Q1CGJ3	1.000	706	0	0	1	706	1	706	0.000E+00	1694
Q1CA41	Q7CHK7	1.000	706	0	0	1	706	1	706	0.000E+00	1694
Q1CA41	A4TMZ0	0.998	706	1	0	1	706	1	706	0.000E+00	1690
Q1CA41	A7FJT9	0.997	706	2	0	1	706	1	706	0.000E+00	1689
Q1CA41	Q66CG1	0.997	706	2	0	1	706	1	706	0.000E+00	1689
Q1CA41	B2JYS1	0.997	706	2	0	1	706	1	706	0.000E+00	1689
Q1CA41	A1JMQ6	0.960	706	28	0	1	706	1	706	0.000E+00	1629
Q8CRU6	Q8CRU6	1.000	456	0	0	1	456	1	456	0.000E+00	1103
Q8CRU6	Q5HN37	0.995	456	2	0	1	456	1	456	0.000E+00	1099
A9L591	A9L591	1.000	709	0	0	1	709	1	709	0.000E+00	1702
A9L591	A6WPK6	0.995	709	4	0	1	709	1	709	0.000E+00	1697
A9L591	A3D5Q0	0.995	709	4	0	1	709	1	709	0.000E+00	1696
A9L591	A1RKM2	0.946	709	38	0	1	709	1	709	0.000E+00	1637
A9L591	Q8EFW4	0.906	709	67	0	1	709	1	709	0.000E+00	1585
P44524	P44524	1.000	711	0	0	1	711	1	711	0.000E+00	1721
P44524	A5UFS2	0.991	711	6	0	1	711	1	711	0.000E+00	1710
P44524	A5UB28	0.991	711	6	0	1	711	1	711	0.000E+00	1708
P44524	Q4QP66	0.977	711	16	0	1	711	1	711	0.000E+00	1684
B4ET17	B4ET17	1.000	377	0	0	1	377	1	377	8.443E-302	913
Q0HWA0	Q0HWA0	1.000	713	0	0	1	713	1	713	0.000E+00	1714
Q0HWA0	Q0HJZ9	0.998	713	1	0	1	713	1	713	0.000E+00	1713
Q0HWA0	A0KVL6	0.992	713	6	0	1	713	1	713	0.000E+00	1703
P05409	P05409	1.000	162	0	0	1	162	1	162	5.494E-127	392
Q0I4C6	Q0I4C6	1.000	718	0	0	1	718	1	718	0.000E+00	1744
Q0I4C6	B0UUM5	0.998	718	1	0	1	718	1	718	0.000E+00	1741
B0VCX5	B0VCX5	1.000	361	0	0	1	361	1	361	8.490E-285	863
B0VCX5	B0VR22	0.997	361	1	0	1	361	1	361	1.225E-283	860
B0VCX5	B7H3Q6	0.997	361	1	0	1	361	1	361	1.225E-283	860
B0VCX5	B7I4Y4	0.997	361	1	0	1	361	1	361	1.225E-283	860
B0VCX5	A3M4W0	0.994	361	2	0	1	361	1	361	3.790E-282	856
B0VCX5	B2HYZ7	0.983	361	6	0	1	361	1	361	5.304E-279	847
Q99SY9	Q7A4Q9	1.000	453	0	0	1	453	1	453	0.000E+00	1096
Q99SY9	Q99SY9	1.000	453	0	0	1	453	1	453	0.000E+00	1096
Q99SY9	Q6G836	0.997	453	1	0	1	453	1	453	0.000E+00	1094
Q99SY9	Q8NVT4	0.997	453	1	0	1	453	1	453	0.000E+00	1094
Q99SY9	Q5HEM5	0.995	453	2	0	1	453	1	453	0.000E+00	1089
Q99SY9	Q6GFG0	0.988	453	5	0	1	453	1	453	0.000E+00	1087
A6H162	A6H162	1.000	285	0	0	1	285	1	285	2.921E-220	671
B1XG88	B1IRN3	1.000	378	0	0	1	378	1	378	6.644E-303	916
B1XG88	B1XG88	1.000	378	0	0	1	378	1	378	6.644E-303	916
B1XG88	P42596	1.000	378	0	0	1	378	1	378	6.644E-303	916
B1XG88	Q32BN8	0.997	378	1	0	1	378	1	378	6.551E-302	913
B1XG88	A1AG02	0.994	378	2	0	1	378	1	378	4.411E-301	911
B1XG88	Q1R6P6	0.994	378	2	0	1	378	1	378	4.411E-301	911
B1XG88	Q8FDE5	0.994	378	2	0	1	378	1	378	4.411E-301	911
B1XG88	B1LFI2	0.992	378	3	0	1	378	1	378	2.028E-300	909
B1XG88	Q0TD22	0.992	378	3	0	1	378	1	378	2.028E-300	909
B1XG88	A7ZRW7	0.989	378	4	0	1	378	1	378	2.969E-300	909
B1XG88	Q31WU9	0.994	378	2	0	1	378	1	378	2.969E-300	909
B1XG88	Q3YXQ6	0.994	378	2	0	1	378	1	378	2.969E-300	909
B1XG88	B5YRC4	0.992	378	3	0	1	378	1	378	4.348E-300	908
B1XG88	Q8XAK8	0.992	378	3	0	1	378	1	378	4.348E-300	908
B1XG88	A8A4P1	0.989	378	4	0	1	378	1	378	2.927E-299	906
B1XG88	A8APY0	0.933	378	25	0	1	378	1	378	4.803E-282	858
B3P4N5	B3P4N5	1.000	530	0	0	1	530	1	530	0.000E+00	1281
B3P4N5	B4PVH6	0.996	530	2	0	1	530	1	530	0.000E+00	1275
B3P4N5	Q9VH48	0.992	530	4	0	1	530	1	530	0.000E+00	1274
B3P4N5	B4HJC0	0.992	530	4	0	1	530	1	530	0.000E+00	1273
B3P4N5	B4QVW6	0.992	530	4	0	1	530	1	530	0.000E+00	1273
B3P4N5	B3M1E1	0.953	519	24	0	1	519	1	519	0.000E+00	1208
B3P4N5	B4GZ20	0.955	519	23	0	1	519	1	519	0.000E+00	1205
B3P4N5	Q29B63	0.955	519	23	0	1	519	1	519	0.000E+00	1205
B3P4N5	B4NKI9	0.936	518	33	0	2	519	4	521	0.000E+00	1187
B3P4N5	B4KA23	0.927	507	37	0	13	519	21	527	0.000E+00	1161
B3P4N5	B4LVS8	0.925	507	38	0	13	519	20	526	0.000E+00	1156
D3UZL8	D3UZL8	1.000	377	0	0	1	377	1	377	5.685E-301	911
C0QFJ2	C0QFJ2	1.000	284	0	0	1	284	1	284	1.634E-215	658
A5HY34	A5HY34	1.000	283	0	0	1	283	1	283	1.611E-223	680
Q3K8E9	Q3K8E9	1.000	461	0	0	1	461	1	461	0.000E+00	1105
Q65UK6	Q65UK6	1.000	715	0	0	1	715	1	715	0.000E+00	1745
Q31WU9	Q31WU9	1.000	378	0	0	1	378	1	378	2.086E-302	915
Q31WU9	Q3YXQ6	1.000	378	0	0	1	378	1	378	2.086E-302	915
Q31WU9	Q32BN8	0.997	378	1	0	1	378	1	378	1.405E-301	913
Q31WU9	A1AG02	0.994	378	2	0	1	378	1	378	9.457E-301	910
Q31WU9	Q1R6P6	0.994	378	2	0	1	378	1	378	9.457E-301	910
Q31WU9	Q8FDE5	0.994	378	2	0	1	378	1	378	9.457E-301	910
Q31WU9	B1IRN3	0.994	378	2	0	1	378	1	378	2.969E-300	909
Q31WU9	B1XG88	0.994	378	2	0	1	378	1	378	2.969E-300	909
Q31WU9	P42596	0.994	378	2	0	1	378	1	378	2.969E-300	909
Q31WU9	B1LFI2	0.992	378	3	0	1	378	1	378	4.348E-300	908
Q31WU9	Q0TD22	0.992	378	3	0	1	378	1	378	4.348E-300	908
Q31WU9	A7ZRW7	0.989	378	4	0	1	378	1	378	6.367E-300	908
Q31WU9	B5YRC4	0.992	378	3	0	1	378	1	378	9.323E-300	907
Q31WU9	Q8XAK8	0.992	378	3	0	1	378	1	378	9.323E-300	907
Q31WU9	A8A4P1	0.989	378	4	0	1	378	1	378	6.275E-299	905
Q31WU9	A8APY0	0.931	378	26	0	1	378	1	378	6.792E-280	852
A0Q5J5	A0Q5J5	1.000	449	0	0	1	449	1	449	0.000E+00	1090
Q5XAU1	Q5XAU1	1.000	451	0	0	1	451	1	451	0.000E+00	1078
Q5XAU1	Q8P017	0.991	451	4	0	1	451	1	451	0.000E+00	1071
Q5XAU1	P0DG16	0.986	451	6	0	1	451	1	451	0.000E+00	1063
Q5XAU1	P0DG17	0.986	451	6	0	1	451	1	451	0.000E+00	1063
Q5XAU1	Q99YP3	0.984	451	7	0	1	451	1	451	0.000E+00	1062
O31545	O31545	1.000	466	0	0	1	466	1	466	0.000E+00	1116
Q1CGJ3	A9R7L5	1.000	706	0	0	1	706	1	706	0.000E+00	1694
Q1CGJ3	B1JQR7	1.000	706	0	0	1	706	1	706	0.000E+00	1694
Q1CGJ3	Q1CA41	1.000	706	0	0	1	706	1	706	0.000E+00	1694
Q1CGJ3	Q1CGJ3	1.000	706	0	0	1	706	1	706	0.000E+00	1694
Q1CGJ3	Q7CHK7	1.000	706	0	0	1	706	1	706	0.000E+00	1694
Q1CGJ3	A4TMZ0	0.998	706	1	0	1	706	1	706	0.000E+00	1690
Q1CGJ3	A7FJT9	0.997	706	2	0	1	706	1	706	0.000E+00	1689
Q1CGJ3	Q66CG1	0.997	706	2	0	1	706	1	706	0.000E+00	1689
Q1CGJ3	B2JYS1	0.997	706	2	0	1	706	1	706	0.000E+00	1689
Q1CGJ3	A1JMQ6	0.960	706	28	0	1	706	1	706	0.000E+00	1629
B3GZQ0	B3GZQ0	1.000	712	0	0	1	712	1	712	0.000E+00	1738
B3GZQ0	B0BRL8	0.984	712	11	0	1	712	1	712	0.000E+00	1719
B3GZQ0	A3MYD2	0.981	712	14	0	1	712	1	712	0.000E+00	1714
Q5PGE3	B4T1Z1	1.000	702	0	0	1	702	1	702	0.000E+00	1700
Q5PGE3	B4TDY8	1.000	702	0	0	1	702	1	702	0.000E+00	1700
Q5PGE3	B5BBL9	1.000	702	0	0	1	702	1	702	0.000E+00	1700
Q5PGE3	B5F1U5	1.000	702	0	0	1	702	1	702	0.000E+00	1700
Q5PGE3	B5FQZ1	1.000	702	0	0	1	702	1	702	0.000E+00	1700
Q5PGE3	B5QZF1	1.000	702	0	0	1	702	1	702	0.000E+00	1700
Q5PGE3	Q5PGE3	1.000	702	0	0	1	702	1	702	0.000E+00	1700
Q5PGE3	Q8ZQ73	1.000	702	0	0	1	702	1	702	0.000E+00	1700
Q5PGE3	B5R6B4	0.998	702	1	0	1	702	1	702	0.000E+00	1698
Q5PGE3	B4TRX1	0.998	702	1	0	1	702	1	702	0.000E+00	1697
Q5PGE3	Q57QU1	0.998	702	1	0	1	702	1	702	0.000E+00	1695
Q5PGE3	A9N6Y0	0.998	702	1	0	1	702	1	702	0.000E+00	1693
Q5PGE3	Q8Z7S6	0.992	702	6	0	1	702	1	702	0.000E+00	1690
Q5PGE3	Q3Z3H3	0.918	702	57	0	1	702	1	702	0.000E+00	1590
Q65V70	Q65V70	1.000	293	0	0	1	293	1	293	2.134E-234	712
Q0TD22	B1LFI2	1.000	378	0	0	1	378	1	378	9.866E-304	919
Q0TD22	Q0TD22	1.000	378	0	0	1	378	1	378	9.866E-304	919
Q0TD22	A1AG02	0.997	378	1	0	1	378	1	378	4.537E-303	917
Q0TD22	Q1R6P6	0.997	378	1	0	1	378	1	378	4.537E-303	917
Q0TD22	Q8FDE5	0.997	378	1	0	1	378	1	378	4.537E-303	917
Q0TD22	B5YRC4	0.994	378	2	0	1	378	1	378	4.474E-302	914
Q0TD22	Q8XAK8	0.994	378	2	0	1	378	1	378	4.474E-302	914
Q0TD22	Q32BN8	0.994	378	2	0	1	378	1	378	9.593E-302	913
Q0TD22	B1IRN3	0.992	378	3	0	1	378	1	378	2.028E-300	909
Q0TD22	B1XG88	0.992	378	3	0	1	378	1	378	2.028E-300	909
Q0TD22	P42596	0.992	378	3	0	1	378	1	378	2.028E-300	909
Q0TD22	A7ZRW7	0.986	378	5	0	1	378	1	378	4.348E-300	908
Q0TD22	Q31WU9	0.992	378	3	0	1	378	1	378	4.348E-300	908
Q0TD22	Q3YXQ6	0.992	378	3	0	1	378	1	378	4.348E-300	908
Q0TD22	A8A4P1	0.986	378	5	0	1	378	1	378	4.286E-299	906
Q0TD22	A8APY0	0.933	378	25	0	1	378	1	378	3.281E-282	858
A4W8M4	A4W8M4	1.000	375	0	0	1	375	1	375	4.588E-304	919
B4LVS8	B4LVS8	1.000	538	0	0	1	538	1	538	0.000E+00	1310
B4LVS8	B4KA23	0.968	537	17	0	2	538	3	539	0.000E+00	1275
B4LVS8	B4NKI9	0.932	521	35	0	18	538	13	533	0.000E+00	1201
B4LVS8	B4GZ20	0.938	519	32	0	20	538	13	531	0.000E+00	1197
B4LVS8	Q29B63	0.938	519	32	0	20	538	13	531	0.000E+00	1197
B4LVS8	B3M1E1	0.934	519	34	0	20	538	13	531	0.000E+00	1195
Q5QX63	Q5QX63	1.000	704	0	0	1	704	1	704	0.000E+00	1710
Q88XP4	Q88XP4	1.000	457	0	0	1	457	1	457	0.000E+00	1087
P42596	B1IRN3	1.000	378	0	0	1	378	1	378	6.644E-303	916
P42596	B1XG88	1.000	378	0	0	1	378	1	378	6.644E-303	916
P42596	P42596	1.000	378	0	0	1	378	1	378	6.644E-303	916
P42596	Q32BN8	0.997	378	1	0	1	378	1	378	6.551E-302	913
P42596	A1AG02	0.994	378	2	0	1	378	1	378	4.411E-301	911
P42596	Q1R6P6	0.994	378	2	0	1	378	1	378	4.411E-301	911
P42596	Q8FDE5	0.994	378	2	0	1	378	1	378	4.411E-301	911
P42596	B1LFI2	0.992	378	3	0	1	378	1	378	2.028E-300	909
P42596	Q0TD22	0.992	378	3	0	1	378	1	378	2.028E-300	909
P42596	A7ZRW7	0.989	378	4	0	1	378	1	378	2.969E-300	909
P42596	Q31WU9	0.994	378	2	0	1	378	1	378	2.969E-300	909
P42596	Q3YXQ6	0.994	378	2	0	1	378	1	378	2.969E-300	909
P42596	B5YRC4	0.992	378	3	0	1	378	1	378	4.348E-300	908
P42596	Q8XAK8	0.992	378	3	0	1	378	1	378	4.348E-300	908
P42596	A8A4P1	0.989	378	4	0	1	378	1	378	2.927E-299	906
P42596	A8APY0	0.933	378	25	0	1	378	1	378	4.803E-282	858
B4PVH6	B4PVH6	1.000	530	0	0	1	530	1	530	0.000E+00	1280
B4PVH6	B3P4N5	0.996	530	2	0	1	530	1	530	0.000E+00	1275
B4PVH6	Q9VH48	0.988	530	6	0	1	530	1	530	0.000E+00	1268
B4PVH6	B4QVW6	0.988	530	6	0	1	530	1	530	0.000E+00	1268
B4PVH6	B4HJC0	0.988	530	6	0	1	530	1	530	0.000E+00	1267
B4PVH6	B4GZ20	0.955	519	23	0	1	519	1	519	0.000E+00	1206
B4PVH6	Q29B63	0.955	519	23	0	1	519	1	519	0.000E+00	1206
B4PVH6	B3M1E1	0.949	519	26	0	1	519	1	519	0.000E+00	1203
B4PVH6	B4NKI9	0.936	518	33	0	2	519	4	521	0.000E+00	1185
B4PVH6	B4KA23	0.927	507	37	0	13	519	21	527	0.000E+00	1159
B4PVH6	B4LVS8	0.925	507	38	0	13	519	20	526	0.000E+00	1154
A7MF48	A7MF48	1.000	375	0	0	1	375	1	375	1.402E-301	912
Q814A6	Q814A6	1.000	458	0	0	1	458	1	458	0.000E+00	1111
Q814A6	Q81ZD6	0.982	458	8	0	1	458	1	458	0.000E+00	1091
Q814A6	Q73EJ5	0.973	458	12	0	1	458	1	458	0.000E+00	1081
Q7Q2B7	Q7Q2B7	1.000	622	0	0	1	622	1	622	0.000E+00	1509
A9MIM3	A9MIM3	1.000	375	0	0	1	375	1	375	2.168E-305	923
A9MIM3	B5FPZ6	0.986	375	5	0	1	375	1	375	4.403E-301	911
A9MIM3	B5BBV5	0.983	374	6	0	1	374	1	374	1.996E-299	906
A9MIM3	Q5PGN2	0.983	374	6	0	1	374	1	374	1.996E-299	906
A9MIM3	Q8Z841	0.981	375	7	0	1	375	1	375	6.269E-299	905
A9MIM3	B5F101	0.978	375	8	0	1	375	1	375	2.882E-298	903
A9MIM3	B5QYK4	0.981	375	7	0	1	375	1	375	4.221E-298	902
A9MIM3	B4TRN5	0.978	375	8	0	1	375	1	375	6.180E-298	902
A9MIM3	Q8ZQJ5	0.978	374	8	0	1	374	1	374	1.913E-296	898
A9MIM3	A9N824	0.975	374	9	0	1	374	1	374	8.792E-296	896
A9MIM3	C0PXN9	0.975	374	9	0	1	374	1	374	8.792E-296	896
A9MIM3	Q57R80	0.975	374	9	0	1	374	1	374	8.792E-296	896
A9MIM3	B4T0E3	0.973	374	10	0	1	374	1	374	1.269E-294	893
P0ADX9	P0ADX9	1.000	198	0	0	1	198	1	198	5.499E-156	478
P0ADX9	P0ADY0	1.000	198	0	0	1	198	1	198	5.499E-156	478
A8A4P1	A8A4P1	1.000	378	0	0	1	378	1	378	4.537E-303	917
A8A4P1	A7ZRW7	0.994	378	2	0	1	378	1	378	3.012E-301	912
A8A4P1	Q32BN8	0.992	378	3	0	1	378	1	378	1.385E-300	910
A8A4P1	A1AG02	0.989	378	4	0	1	378	1	378	9.323E-300	907
A8A4P1	Q1R6P6	0.989	378	4	0	1	378	1	378	9.323E-300	907
A8A4P1	Q8FDE5	0.989	378	4	0	1	378	1	378	9.323E-300	907
A8A4P1	B1IRN3	0.989	378	4	0	1	378	1	378	2.927E-299	906
A8A4P1	B1XG88	0.989	378	4	0	1	378	1	378	2.927E-299	906
A8A4P1	P42596	0.989	378	4	0	1	378	1	378	2.927E-299	906
A8A4P1	B1LFI2	0.986	378	5	0	1	378	1	378	4.286E-299	906
A8A4P1	Q0TD22	0.986	378	5	0	1	378	1	378	4.286E-299	906
A8A4P1	Q31WU9	0.989	378	4	0	1	378	1	378	6.275E-299	905
A8A4P1	Q3YXQ6	0.989	378	4	0	1	378	1	378	6.275E-299	905
A8A4P1	B5YRC4	0.986	378	5	0	1	378	1	378	9.189E-299	905
A8A4P1	Q8XAK8	0.986	378	5	0	1	378	1	378	9.189E-299	905
A8A4P1	A8APY0	0.925	378	28	0	1	378	1	378	6.675E-279	849
Q8R933	Q8R933	1.000	450	0	0	1	450	1	450	0.000E+00	1079
P0DG17	P0DG16	1.000	451	0	0	1	451	1	451	0.000E+00	1077
P0DG17	P0DG17	1.000	451	0	0	1	451	1	451	0.000E+00	1077
P0DG17	Q99YP3	0.993	451	3	0	1	451	1	451	0.000E+00	1070
P0DG17	Q5XAU1	0.986	451	6	0	1	451	1	451	0.000E+00	1063
P0DG17	Q8P017	0.986	451	6	0	1	451	1	451	0.000E+00	1060
Q9KGK4	Q9KGK4	1.000	289	0	0	1	289	1	289	6.788E-217	662
A5UFI6	A5UFI6	1.000	330	0	0	1	330	1	330	5.261E-261	792
A5UFI6	P44453	0.972	330	9	0	1	330	1	330	3.295E-255	776
A5UFI6	A5UBC5	0.969	330	10	0	1	330	1	330	1.469E-252	768
A5UFI6	Q4QPN2	0.948	330	17	0	1	330	1	330	4.400E-249	758
B0UVN9	B0UVN9	1.000	366	0	0	1	366	1	366	2.599E-291	882
B0UVN9	Q0I1I7	0.991	366	3	0	1	366	1	366	3.699E-289	876
Q8ZQJ5	Q8ZQJ5	1.000	376	0	0	1	376	1	376	1.149E-305	924
Q8ZQJ5	B5QYK4	0.997	374	1	0	1	374	1	374	5.144E-303	916
Q8ZQJ5	A9N824	0.992	376	3	0	1	376	1	376	1.103E-302	915
Q8ZQJ5	C0PXN9	0.992	376	3	0	1	376	1	376	1.103E-302	915
Q8ZQJ5	Q57R80	0.992	376	3	0	1	376	1	376	1.103E-302	915
Q8ZQJ5	B5FPZ6	0.989	374	4	0	1	374	1	374	1.571E-300	909
Q8ZQJ5	B5BBV5	0.989	374	4	0	1	374	1	374	3.369E-300	908
Q8ZQJ5	Q5PGN2	0.989	374	4	0	1	374	1	374	3.369E-300	908
Q8ZQJ5	B4T0E3	0.984	376	6	0	1	376	1	376	4.933E-300	908
Q8ZQJ5	Q8Z841	0.986	374	5	0	1	374	1	374	4.864E-299	905
Q8ZQJ5	B5F101	0.983	374	6	0	1	374	1	374	2.236E-298	903
Q8ZQJ5	B4TRN5	0.983	374	6	0	1	374	1	374	4.794E-298	902
Q8ZQJ5	A9MIM3	0.978	374	8	0	1	374	1	374	2.172E-296	898
Q8DSK3	Q8DSK3	1.000	459	0	0	1	459	1	459	0.000E+00	1102
D3VBF7	D3VBF7	1.000	375	0	0	1	375	1	375	4.342E-300	908
