A3D5Q0	A3D5Q0	1.000	709	0	0	1	709	1	709	0.000E+00	1703
A3D5Q0	A9L591	0.995	709	4	0	1	709	1	709	0.000E+00	1696
A3D5Q0	A6WPK6	0.994	709	4	0	1	709	1	709	0.000E+00	1695
A3D5Q0	A1RKM2	0.947	709	38	0	1	709	1	709	0.000E+00	1639
A3D5Q0	Q8EFW4	0.909	709	64	0	1	709	1	709	0.000E+00	1590
Q3Z3H3	Q3Z3H3	1.000	702	0	0	1	702	1	702	0.000E+00	1702
Q3Z3H3	B4TRX1	0.920	702	56	0	1	702	1	702	0.000E+00	1591
Q3Z3H3	B4T1Z1	0.918	702	57	0	1	702	1	702	0.000E+00	1590
Q3Z3H3	B4TDY8	0.918	702	57	0	1	702	1	702	0.000E+00	1590
Q3Z3H3	B5BBL9	0.918	702	57	0	1	702	1	702	0.000E+00	1590
Q3Z3H3	B5F1U5	0.918	702	57	0	1	702	1	702	0.000E+00	1590
Q3Z3H3	B5FQZ1	0.918	702	57	0	1	702	1	702	0.000E+00	1590
Q3Z3H3	B5QZF1	0.918	702	57	0	1	702	1	702	0.000E+00	1590
Q3Z3H3	Q5PGE3	0.918	702	57	0	1	702	1	702	0.000E+00	1590
Q3Z3H3	Q8ZQ73	0.918	702	57	0	1	702	1	702	0.000E+00	1590
Q3Z3H3	B5R6B4	0.917	702	58	0	1	702	1	702	0.000E+00	1588
Q3Z3H3	Q57QU1	0.917	702	58	0	1	702	1	702	0.000E+00	1585
Q3Z3H3	Q8Z7S6	0.914	702	60	0	1	702	1	702	0.000E+00	1584
Q3Z3H3	A9N6Y0	0.917	702	58	0	1	702	1	702	0.000E+00	1583
Q2A2U4	A7NCY2	1.000	717	0	0	1	717	1	717	0.000E+00	1735
Q2A2U4	Q0BLC3	1.000	717	0	0	1	717	1	717	0.000E+00	1735
Q2A2U4	Q2A2U4	1.000	717	0	0	1	717	1	717	0.000E+00	1735
Q2A2U4	A4IXN4	0.997	717	2	0	1	717	1	717	0.000E+00	1731
Q2A2U4	Q14HS5	0.994	717	4	0	1	717	1	717	0.000E+00	1728
Q2A2U4	Q5NGC3	0.994	717	4	0	1	717	1	717	0.000E+00	1728
Q2A2U4	B2SGG3	0.990	717	7	0	1	717	1	717	0.000E+00	1720
Q2A2U4	A0Q621	0.986	717	10	0	1	717	1	717	0.000E+00	1714
Q97F67	Q97F67	1.000	285	0	0	1	285	1	285	2.059E-221	674
A6WPK6	A6WPK6	1.000	709	0	0	1	709	1	709	0.000E+00	1702
A6WPK6	A9L591	0.995	709	4	0	1	709	1	709	0.000E+00	1697
A6WPK6	A3D5Q0	0.994	709	4	0	1	709	1	709	0.000E+00	1695
A6WPK6	A1RKM2	0.949	709	36	0	1	709	1	709	0.000E+00	1640
A6WPK6	Q8EFW4	0.908	709	65	0	1	709	1	709	0.000E+00	1586
A8FW59	A8FW59	1.000	711	0	0	1	711	1	711	0.000E+00	1721
A8FW59	B1KDN0	0.946	709	38	0	1	709	1	709	0.000E+00	1638
A7MQZ8	A7MQZ8	1.000	432	0	0	1	432	1	432	0.000E+00	1042
F1QVR8	F1QVR8	1.000	207	0	0	1	207	1	207	4.349E-166	507
A5HY34	A5HY34	1.000	283	0	0	1	283	1	283	1.119E-223	680
Q14HS5	Q14HS5	1.000	717	0	0	1	717	1	717	0.000E+00	1735
Q14HS5	Q5NGC3	1.000	717	0	0	1	717	1	717	0.000E+00	1735
Q14HS5	A4IXN4	0.997	717	2	0	1	717	1	717	0.000E+00	1733
Q14HS5	A7NCY2	0.994	717	4	0	1	717	1	717	0.000E+00	1728
Q14HS5	Q0BLC3	0.994	717	4	0	1	717	1	717	0.000E+00	1728
Q14HS5	Q2A2U4	0.994	717	4	0	1	717	1	717	0.000E+00	1728
Q14HS5	B2SGG3	0.990	717	7	0	1	717	1	717	0.000E+00	1721
Q14HS5	A0Q621	0.986	717	10	0	1	717	1	717	0.000E+00	1716
B5QZF1	B4T1Z1	1.000	702	0	0	1	702	1	702	0.000E+00	1700
B5QZF1	B4TDY8	1.000	702	0	0	1	702	1	702	0.000E+00	1700
B5QZF1	B5BBL9	1.000	702	0	0	1	702	1	702	0.000E+00	1700
B5QZF1	B5F1U5	1.000	702	0	0	1	702	1	702	0.000E+00	1700
B5QZF1	B5FQZ1	1.000	702	0	0	1	702	1	702	0.000E+00	1700
B5QZF1	B5QZF1	1.000	702	0	0	1	702	1	702	0.000E+00	1700
B5QZF1	Q5PGE3	1.000	702	0	0	1	702	1	702	0.000E+00	1700
B5QZF1	Q8ZQ73	1.000	702	0	0	1	702	1	702	0.000E+00	1700
B5QZF1	B5R6B4	0.998	702	1	0	1	702	1	702	0.000E+00	1698
B5QZF1	B4TRX1	0.998	702	1	0	1	702	1	702	0.000E+00	1697
B5QZF1	Q57QU1	0.998	702	1	0	1	702	1	702	0.000E+00	1695
B5QZF1	A9N6Y0	0.998	702	1	0	1	702	1	702	0.000E+00	1693
B5QZF1	Q8Z7S6	0.992	702	6	0	1	702	1	702	0.000E+00	1690
B5QZF1	Q3Z3H3	0.918	702	57	0	1	702	1	702	0.000E+00	1590
Q9KF10	Q9KF10	1.000	458	0	0	1	458	1	458	0.000E+00	1109
Q9NRN9	Q9NRN9	1.000	209	0	0	1	209	1	209	5.568E-165	504
Q9NRN9	Q8K1A0	0.913	209	18	0	1	209	1	209	1.022E-152	470
Q6LTZ3	Q6LTZ3	1.000	374	0	0	1	374	1	374	8.452E-301	909
Q9X0H9	Q9X0H9	1.000	439	0	0	1	439	1	439	0.000E+00	1053
Q5PGE3	B4T1Z1	1.000	702	0	0	1	702	1	702	0.000E+00	1700
Q5PGE3	B4TDY8	1.000	702	0	0	1	702	1	702	0.000E+00	1700
Q5PGE3	B5BBL9	1.000	702	0	0	1	702	1	702	0.000E+00	1700
Q5PGE3	B5F1U5	1.000	702	0	0	1	702	1	702	0.000E+00	1700
Q5PGE3	B5FQZ1	1.000	702	0	0	1	702	1	702	0.000E+00	1700
Q5PGE3	B5QZF1	1.000	702	0	0	1	702	1	702	0.000E+00	1700
Q5PGE3	Q5PGE3	1.000	702	0	0	1	702	1	702	0.000E+00	1700
Q5PGE3	Q8ZQ73	1.000	702	0	0	1	702	1	702	0.000E+00	1700
Q5PGE3	B5R6B4	0.998	702	1	0	1	702	1	702	0.000E+00	1698
Q5PGE3	B4TRX1	0.998	702	1	0	1	702	1	702	0.000E+00	1697
Q5PGE3	Q57QU1	0.998	702	1	0	1	702	1	702	0.000E+00	1695
Q5PGE3	A9N6Y0	0.998	702	1	0	1	702	1	702	0.000E+00	1693
Q5PGE3	Q8Z7S6	0.992	702	6	0	1	702	1	702	0.000E+00	1690
Q5PGE3	Q3Z3H3	0.918	702	57	0	1	702	1	702	0.000E+00	1590
Q9CNW9	Q9CNW9	1.000	719	0	0	1	719	1	719	0.000E+00	1753
Q0HWA0	Q0HWA0	1.000	713	0	0	1	713	1	713	0.000E+00	1714
Q0HWA0	Q0HJZ9	0.998	713	1	0	1	713	1	713	0.000E+00	1713
Q0HWA0	A0KVL6	0.992	713	6	0	1	713	1	713	0.000E+00	1703
Q7A4Q9	Q7A4Q9	1.000	453	0	0	1	453	1	453	0.000E+00	1096
Q7A4Q9	Q99SY9	1.000	453	0	0	1	453	1	453	0.000E+00	1096
Q7A4Q9	Q6G836	0.997	453	1	0	1	453	1	453	0.000E+00	1094
Q7A4Q9	Q8NVT4	0.997	453	1	0	1	453	1	453	0.000E+00	1094
Q7A4Q9	Q5HEM5	0.995	453	2	0	1	453	1	453	0.000E+00	1089
Q7A4Q9	Q6GFG0	0.988	453	5	0	1	453	1	453	0.000E+00	1087
Q74IG2	Q74IG2	1.000	459	0	0	1	459	1	459	0.000E+00	1097
Q02I93	Q02I93	1.000	450	0	0	1	450	1	450	0.000E+00	1075
Q02I93	Q9I525	1.000	450	0	0	1	450	1	450	0.000E+00	1075
Q6KHE2	Q6KHE2	1.000	363	0	0	1	363	1	363	2.353E-283	859
A1S601	A1S601	1.000	708	0	0	1	708	1	708	0.000E+00	1716
Q59043	Q59043	1.000	387	0	0	1	387	1	387	4.835E-306	926
B2HYZ7	B2HYZ7	1.000	361	0	0	1	361	1	361	2.751E-285	864
Q4QP66	Q4QP66	1.000	711	0	0	1	711	1	711	0.000E+00	1722
Q4QP66	P44524	0.977	711	16	0	1	711	1	711	0.000E+00	1684
Q4QP66	A5UFS2	0.977	711	16	0	1	711	1	711	0.000E+00	1682
Q4QP66	A5UB28	0.974	711	18	0	1	711	1	711	0.000E+00	1678
A5F836	A5F836	1.000	708	0	0	1	708	1	708	0.000E+00	1712
A5F836	Q9KRZ5	1.000	708	0	0	1	708	1	708	0.000E+00	1712
Q8XNG6	Q8XNG6	1.000	455	0	0	1	455	1	455	0.000E+00	1101
Q7VP04	Q7VP04	1.000	712	0	0	1	712	1	712	0.000E+00	1732
Q6D3S2	Q6D3S2	1.000	375	0	0	1	375	1	375	4.293E-298	902
Q8Y6D6	Q8Y6D6	1.000	453	0	0	1	453	1	453	0.000E+00	1091
Q8Y6D6	Q71YR7	0.988	453	5	0	1	453	1	453	0.000E+00	1081
Q8Y6D6	Q92AQ7	0.931	452	31	0	1	452	1	452	0.000E+00	1020
O31545	O31545	1.000	466	0	0	1	466	1	466	0.000E+00	1116
A7NCY2	A7NCY2	1.000	717	0	0	1	717	1	717	0.000E+00	1735
A7NCY2	Q0BLC3	1.000	717	0	0	1	717	1	717	0.000E+00	1735
A7NCY2	Q2A2U4	1.000	717	0	0	1	717	1	717	0.000E+00	1735
A7NCY2	A4IXN4	0.997	717	2	0	1	717	1	717	0.000E+00	1731
A7NCY2	Q14HS5	0.994	717	4	0	1	717	1	717	0.000E+00	1728
A7NCY2	Q5NGC3	0.994	717	4	0	1	717	1	717	0.000E+00	1728
A7NCY2	B2SGG3	0.990	717	7	0	1	717	1	717	0.000E+00	1720
A7NCY2	A0Q621	0.986	717	10	0	1	717	1	717	0.000E+00	1714
Q8KGF9	Q8KGF9	1.000	483	0	0	1	483	1	483	0.000E+00	1170
Q8P017	Q8P017	1.000	451	0	0	1	451	1	451	0.000E+00	1077
Q8P017	Q5XAU1	0.991	451	4	0	1	451	1	451	0.000E+00	1071
Q8P017	P0DG16	0.986	451	6	0	1	451	1	451	0.000E+00	1060
Q8P017	P0DG17	0.986	451	6	0	1	451	1	451	0.000E+00	1060
Q8P017	Q99YP3	0.984	451	7	0	1	451	1	451	0.000E+00	1058
B5R6B4	B5R6B4	1.000	702	0	0	1	702	1	702	0.000E+00	1700
B5R6B4	B4T1Z1	0.998	702	1	0	1	702	1	702	0.000E+00	1698
B5R6B4	B4TDY8	0.998	702	1	0	1	702	1	702	0.000E+00	1698
B5R6B4	B5BBL9	0.998	702	1	0	1	702	1	702	0.000E+00	1698
B5R6B4	B5F1U5	0.998	702	1	0	1	702	1	702	0.000E+00	1698
B5R6B4	B5FQZ1	0.998	702	1	0	1	702	1	702	0.000E+00	1698
B5R6B4	B5QZF1	0.998	702	1	0	1	702	1	702	0.000E+00	1698
B5R6B4	Q5PGE3	0.998	702	1	0	1	702	1	702	0.000E+00	1698
B5R6B4	Q8ZQ73	0.998	702	1	0	1	702	1	702	0.000E+00	1698
B5R6B4	B4TRX1	0.997	702	2	0	1	702	1	702	0.000E+00	1696
B5R6B4	Q57QU1	0.997	702	2	0	1	702	1	702	0.000E+00	1694
B5R6B4	A9N6Y0	0.997	702	2	0	1	702	1	702	0.000E+00	1692
B5R6B4	Q8Z7S6	0.991	702	6	0	1	702	1	702	0.000E+00	1689
B5R6B4	Q3Z3H3	0.917	702	58	0	1	702	1	702	0.000E+00	1588
P44869	P44869	1.000	193	0	0	1	193	1	193	4.205E-154	472
A9R7L5	A9R7L5	1.000	706	0	0	1	706	1	706	0.000E+00	1694
A9R7L5	B1JQR7	1.000	706	0	0	1	706	1	706	0.000E+00	1694
A9R7L5	Q1CA41	1.000	706	0	0	1	706	1	706	0.000E+00	1694
A9R7L5	Q1CGJ3	1.000	706	0	0	1	706	1	706	0.000E+00	1694
A9R7L5	Q7CHK7	1.000	706	0	0	1	706	1	706	0.000E+00	1694
A9R7L5	A4TMZ0	0.998	706	1	0	1	706	1	706	0.000E+00	1690
A9R7L5	A7FJT9	0.997	706	2	0	1	706	1	706	0.000E+00	1689
A9R7L5	Q66CG1	0.997	706	2	0	1	706	1	706	0.000E+00	1689
A9R7L5	B2JYS1	0.997	706	2	0	1	706	1	706	0.000E+00	1689
A9R7L5	A1JMQ6	0.960	706	28	0	1	706	1	706	0.000E+00	1629
Q8ZQ73	B4T1Z1	1.000	702	0	0	1	702	1	702	0.000E+00	1700
Q8ZQ73	B4TDY8	1.000	702	0	0	1	702	1	702	0.000E+00	1700
Q8ZQ73	B5BBL9	1.000	702	0	0	1	702	1	702	0.000E+00	1700
Q8ZQ73	B5F1U5	1.000	702	0	0	1	702	1	702	0.000E+00	1700
Q8ZQ73	B5FQZ1	1.000	702	0	0	1	702	1	702	0.000E+00	1700
Q8ZQ73	B5QZF1	1.000	702	0	0	1	702	1	702	0.000E+00	1700
Q8ZQ73	Q5PGE3	1.000	702	0	0	1	702	1	702	0.000E+00	1700
Q8ZQ73	Q8ZQ73	1.000	702	0	0	1	702	1	702	0.000E+00	1700
Q8ZQ73	B5R6B4	0.998	702	1	0	1	702	1	702	0.000E+00	1698
Q8ZQ73	B4TRX1	0.998	702	1	0	1	702	1	702	0.000E+00	1697
Q8ZQ73	Q57QU1	0.998	702	1	0	1	702	1	702	0.000E+00	1695
Q8ZQ73	A9N6Y0	0.998	702	1	0	1	702	1	702	0.000E+00	1693
Q8ZQ73	Q8Z7S6	0.992	702	6	0	1	702	1	702	0.000E+00	1690
Q8ZQ73	Q3Z3H3	0.918	702	57	0	1	702	1	702	0.000E+00	1590
Q7MKX1	Q7MKX1	1.000	707	0	0	1	707	1	707	0.000E+00	1708
O34331	O34331	1.000	184	0	0	1	184	1	184	2.473E-142	437
B5FE19	B5FE19	1.000	705	0	0	1	705	1	705	0.000E+00	1697
B5FE19	Q5E5B4	0.991	705	6	0	1	705	1	705	0.000E+00	1684
B5FE19	B6ELD3	0.934	705	46	0	1	705	1	705	0.000E+00	1621
Q0BLC3	A7NCY2	1.000	717	0	0	1	717	1	717	0.000E+00	1735
Q0BLC3	Q0BLC3	1.000	717	0	0	1	717	1	717	0.000E+00	1735
Q0BLC3	Q2A2U4	1.000	717	0	0	1	717	1	717	0.000E+00	1735
Q0BLC3	A4IXN4	0.997	717	2	0	1	717	1	717	0.000E+00	1731
Q0BLC3	Q14HS5	0.994	717	4	0	1	717	1	717	0.000E+00	1728
Q0BLC3	Q5NGC3	0.994	717	4	0	1	717	1	717	0.000E+00	1728
Q0BLC3	B2SGG3	0.990	717	7	0	1	717	1	717	0.000E+00	1720
Q0BLC3	A0Q621	0.986	717	10	0	1	717	1	717	0.000E+00	1714
P0DG17	P0DG16	1.000	451	0	0	1	451	1	451	0.000E+00	1077
P0DG17	P0DG17	1.000	451	0	0	1	451	1	451	0.000E+00	1077
P0DG17	Q99YP3	0.993	451	3	0	1	451	1	451	0.000E+00	1070
P0DG17	Q5XAU1	0.986	451	6	0	1	451	1	451	0.000E+00	1063
P0DG17	Q8P017	0.986	451	6	0	1	451	1	451	0.000E+00	1060
P57136	P57136	1.000	191	0	0	1	191	1	191	6.892E-153	468
Q71YR7	Q71YR7	1.000	453	0	0	1	453	1	453	0.000E+00	1089
Q71YR7	Q8Y6D6	0.988	453	5	0	1	453	1	453	0.000E+00	1081
Q71YR7	Q92AQ7	0.929	452	32	0	1	452	1	452	0.000E+00	1020
Q7VPN5	Q7VPN5	1.000	293	0	0	1	293	1	293	2.144E-233	709
Q88MB9	Q88MB9	1.000	452	0	0	1	452	1	452	0.000E+00	1075
B4TRX1	B4TRX1	1.000	702	0	0	1	702	1	702	0.000E+00	1699
B4TRX1	B4T1Z1	0.998	702	1	0	1	702	1	702	0.000E+00	1697
B4TRX1	B4TDY8	0.998	702	1	0	1	702	1	702	0.000E+00	1697
B4TRX1	B5BBL9	0.998	702	1	0	1	702	1	702	0.000E+00	1697
B4TRX1	B5F1U5	0.998	702	1	0	1	702	1	702	0.000E+00	1697
B4TRX1	B5FQZ1	0.998	702	1	0	1	702	1	702	0.000E+00	1697
B4TRX1	B5QZF1	0.998	702	1	0	1	702	1	702	0.000E+00	1697
B4TRX1	Q5PGE3	0.998	702	1	0	1	702	1	702	0.000E+00	1697
B4TRX1	Q8ZQ73	0.998	702	1	0	1	702	1	702	0.000E+00	1697
B4TRX1	B5R6B4	0.997	702	2	0	1	702	1	702	0.000E+00	1696
B4TRX1	Q57QU1	0.997	702	2	0	1	702	1	702	0.000E+00	1693
B4TRX1	Q8Z7S6	0.994	702	4	0	1	702	1	702	0.000E+00	1692
B4TRX1	A9N6Y0	0.997	702	2	0	1	702	1	702	0.000E+00	1691
B4TRX1	Q3Z3H3	0.920	702	56	0	1	702	1	702	0.000E+00	1591
P05409	P05409	1.000	162	0	0	1	162	1	162	3.820E-127	392
A9L591	A9L591	1.000	709	0	0	1	709	1	709	0.000E+00	1702
A9L591	A6WPK6	0.995	709	4	0	1	709	1	709	0.000E+00	1697
A9L591	A3D5Q0	0.995	709	4	0	1	709	1	709	0.000E+00	1696
A9L591	A1RKM2	0.946	709	38	0	1	709	1	709	0.000E+00	1637
A9L591	Q8EFW4	0.906	709	67	0	1	709	1	709	0.000E+00	1585
B4EVC6	B4EVC6	1.000	704	0	0	1	704	1	704	0.000E+00	1703
Q92RJ3	Q92RJ3	1.000	415	0	0	1	415	1	415	1.487E-321	974
Q3K8E9	Q3K8E9	1.000	461	0	0	1	461	1	461	0.000E+00	1105
Q57QU1	Q57QU1	1.000	702	0	0	1	702	1	702	0.000E+00	1698
Q57QU1	B4T1Z1	0.998	702	1	0	1	702	1	702	0.000E+00	1695
Q57QU1	B4TDY8	0.998	702	1	0	1	702	1	702	0.000E+00	1695
Q57QU1	B5BBL9	0.998	702	1	0	1	702	1	702	0.000E+00	1695
Q57QU1	B5F1U5	0.998	702	1	0	1	702	1	702	0.000E+00	1695
Q57QU1	B5FQZ1	0.998	702	1	0	1	702	1	702	0.000E+00	1695
Q57QU1	B5QZF1	0.998	702	1	0	1	702	1	702	0.000E+00	1695
Q57QU1	Q5PGE3	0.998	702	1	0	1	702	1	702	0.000E+00	1695
Q57QU1	Q8ZQ73	0.998	702	1	0	1	702	1	702	0.000E+00	1695
Q57QU1	B5R6B4	0.997	702	2	0	1	702	1	702	0.000E+00	1694
Q57QU1	B4TRX1	0.997	702	2	0	1	702	1	702	0.000E+00	1693
Q57QU1	A9N6Y0	0.997	702	2	0	1	702	1	702	0.000E+00	1689
Q57QU1	Q8Z7S6	0.991	702	6	0	1	702	1	702	0.000E+00	1685
Q57QU1	Q3Z3H3	0.917	702	58	0	1	702	1	702	0.000E+00	1585
Q1CGJ3	A9R7L5	1.000	706	0	0	1	706	1	706	0.000E+00	1694
Q1CGJ3	B1JQR7	1.000	706	0	0	1	706	1	706	0.000E+00	1694
Q1CGJ3	Q1CA41	1.000	706	0	0	1	706	1	706	0.000E+00	1694
Q1CGJ3	Q1CGJ3	1.000	706	0	0	1	706	1	706	0.000E+00	1694
Q1CGJ3	Q7CHK7	1.000	706	0	0	1	706	1	706	0.000E+00	1694
Q1CGJ3	A4TMZ0	0.998	706	1	0	1	706	1	706	0.000E+00	1690
Q1CGJ3	A7FJT9	0.997	706	2	0	1	706	1	706	0.000E+00	1689
Q1CGJ3	Q66CG1	0.997	706	2	0	1	706	1	706	0.000E+00	1689
Q1CGJ3	B2JYS1	0.997	706	2	0	1	706	1	706	0.000E+00	1689
Q1CGJ3	A1JMQ6	0.960	706	28	0	1	706	1	706	0.000E+00	1629
A4FWV6	A4FWV6	1.000	181	0	0	1	181	1	181	7.306E-137	422
A4FWV6	A6VGG1	0.933	181	12	0	1	181	1	181	9.342E-127	393
Q58120	Q58120	1.000	351	0	0	1	351	1	351	4.619E-277	839
B0UUM5	B0UUM5	1.000	718	0	0	1	718	1	718	0.000E+00	1744
B0UUM5	Q0I4C6	0.998	718	1	0	1	718	1	718	0.000E+00	1741
Q5NGC3	Q14HS5	1.000	717	0	0	1	717	1	717	0.000E+00	1735
Q5NGC3	Q5NGC3	1.000	717	0	0	1	717	1	717	0.000E+00	1735
Q5NGC3	A4IXN4	0.997	717	2	0	1	717	1	717	0.000E+00	1733
Q5NGC3	A7NCY2	0.994	717	4	0	1	717	1	717	0.000E+00	1728
Q5NGC3	Q0BLC3	0.994	717	4	0	1	717	1	717	0.000E+00	1728
Q5NGC3	Q2A2U4	0.994	717	4	0	1	717	1	717	0.000E+00	1728
Q5NGC3	B2SGG3	0.990	717	7	0	1	717	1	717	0.000E+00	1721
Q5NGC3	A0Q621	0.986	717	10	0	1	717	1	717	0.000E+00	1716
Q7VKU9	Q7VKU9	1.000	442	0	0	1	442	1	442	0.000E+00	1077
Q2S0I2	Q2S0I2	1.000	296	0	0	1	296	1	296	2.178E-234	712
Q65W13	Q65W13	1.000	440	0	0	1	440	1	440	0.000E+00	1044
B5BBL9	B4T1Z1	1.000	702	0	0	1	702	1	702	0.000E+00	1700
B5BBL9	B4TDY8	1.000	702	0	0	1	702	1	702	0.000E+00	1700
B5BBL9	B5BBL9	1.000	702	0	0	1	702	1	702	0.000E+00	1700
B5BBL9	B5F1U5	1.000	702	0	0	1	702	1	702	0.000E+00	1700
B5BBL9	B5FQZ1	1.000	702	0	0	1	702	1	702	0.000E+00	1700
B5BBL9	B5QZF1	1.000	702	0	0	1	702	1	702	0.000E+00	1700
B5BBL9	Q5PGE3	1.000	702	0	0	1	702	1	702	0.000E+00	1700
B5BBL9	Q8ZQ73	1.000	702	0	0	1	702	1	702	0.000E+00	1700
B5BBL9	B5R6B4	0.998	702	1	0	1	702	1	702	0.000E+00	1698
B5BBL9	B4TRX1	0.998	702	1	0	1	702	1	702	0.000E+00	1697
B5BBL9	Q57QU1	0.998	702	1	0	1	702	1	702	0.000E+00	1695
B5BBL9	A9N6Y0	0.998	702	1	0	1	702	1	702	0.000E+00	1693
B5BBL9	Q8Z7S6	0.992	702	6	0	1	702	1	702	0.000E+00	1690
B5BBL9	Q3Z3H3	0.918	702	57	0	1	702	1	702	0.000E+00	1590
Q6LRA0	Q6LRA0	1.000	712	0	0	1	712	1	712	0.000E+00	1714
A5UB28	A5UB28	1.000	711	0	0	1	711	1	711	0.000E+00	1720
A5UB28	A5UFS2	0.991	711	6	0	1	711	1	711	0.000E+00	1708
A5UB28	P44524	0.991	711	6	0	1	711	1	711	0.000E+00	1708
A5UB28	Q4QP66	0.974	711	18	0	1	711	1	711	0.000E+00	1678
A0Q621	A0Q621	1.000	718	0	0	1	718	1	718	0.000E+00	1738
A0Q621	A4IXN4	0.988	717	9	0	1	717	1	717	0.000E+00	1719
A0Q621	Q14HS5	0.986	717	10	0	1	717	1	717	0.000E+00	1716
A0Q621	Q5NGC3	0.986	717	10	0	1	717	1	717	0.000E+00	1716
A0Q621	A7NCY2	0.986	717	10	0	1	717	1	717	0.000E+00	1714
A0Q621	Q0BLC3	0.986	717	10	0	1	717	1	717	0.000E+00	1714
A0Q621	Q2A2U4	0.986	717	10	0	1	717	1	717	0.000E+00	1714
A0Q621	B2SGG3	0.981	717	14	0	1	717	1	717	0.000E+00	1708
A3MYD2	A3MYD2	1.000	712	0	0	1	712	1	712	0.000E+00	1739
A3MYD2	B0BRL8	0.994	712	4	0	1	712	1	712	0.000E+00	1728
A3MYD2	B3GZQ0	0.981	712	14	0	1	712	1	712	0.000E+00	1714
Q8Z7S6	Q8Z7S6	1.000	702	0	0	1	702	1	702	0.000E+00	1701
Q8Z7S6	B4TRX1	0.994	702	4	0	1	702	1	702	0.000E+00	1692
Q8Z7S6	B4T1Z1	0.992	702	6	0	1	702	1	702	0.000E+00	1690
Q8Z7S6	B4TDY8	0.992	702	6	0	1	702	1	702	0.000E+00	1690
Q8Z7S6	B5BBL9	0.992	702	6	0	1	702	1	702	0.000E+00	1690
Q8Z7S6	B5F1U5	0.992	702	6	0	1	702	1	702	0.000E+00	1690
Q8Z7S6	B5FQZ1	0.992	702	6	0	1	702	1	702	0.000E+00	1690
Q8Z7S6	B5QZF1	0.992	702	6	0	1	702	1	702	0.000E+00	1690
Q8Z7S6	Q5PGE3	0.992	702	6	0	1	702	1	702	0.000E+00	1690
Q8Z7S6	Q8ZQ73	0.992	702	6	0	1	702	1	702	0.000E+00	1690
Q8Z7S6	B5R6B4	0.991	702	6	0	1	702	1	702	0.000E+00	1689
Q8Z7S6	Q57QU1	0.991	702	6	0	1	702	1	702	0.000E+00	1685
Q8Z7S6	A9N6Y0	0.991	702	6	0	1	702	1	702	0.000E+00	1683
Q8Z7S6	Q3Z3H3	0.914	702	60	0	1	702	1	702	0.000E+00	1584
B5FQZ1	B4T1Z1	1.000	702	0	0	1	702	1	702	0.000E+00	1700
B5FQZ1	B4TDY8	1.000	702	0	0	1	702	1	702	0.000E+00	1700
B5FQZ1	B5BBL9	1.000	702	0	0	1	702	1	702	0.000E+00	1700
B5FQZ1	B5F1U5	1.000	702	0	0	1	702	1	702	0.000E+00	1700
B5FQZ1	B5FQZ1	1.000	702	0	0	1	702	1	702	0.000E+00	1700
B5FQZ1	B5QZF1	1.000	702	0	0	1	702	1	702	0.000E+00	1700
B5FQZ1	Q5PGE3	1.000	702	0	0	1	702	1	702	0.000E+00	1700
B5FQZ1	Q8ZQ73	1.000	702	0	0	1	702	1	702	0.000E+00	1700
B5FQZ1	B5R6B4	0.998	702	1	0	1	702	1	702	0.000E+00	1698
B5FQZ1	B4TRX1	0.998	702	1	0	1	702	1	702	0.000E+00	1697
B5FQZ1	Q57QU1	0.998	702	1	0	1	702	1	702	0.000E+00	1695
B5FQZ1	A9N6Y0	0.998	702	1	0	1	702	1	702	0.000E+00	1693
B5FQZ1	Q8Z7S6	0.992	702	6	0	1	702	1	702	0.000E+00	1690
B5FQZ1	Q3Z3H3	0.918	702	57	0	1	702	1	702	0.000E+00	1590
Q8EFW4	Q8EFW4	1.000	711	0	0	1	711	1	711	0.000E+00	1715
Q8EFW4	A1RKM2	0.940	709	42	0	1	709	1	709	0.000E+00	1628
Q8EFW4	A3D5Q0	0.909	709	64	0	1	709	1	709	0.000E+00	1590
Q8EFW4	A6WPK6	0.908	709	65	0	1	709	1	709	0.000E+00	1586
Q8EFW4	A9L591	0.906	709	67	0	1	709	1	709	0.000E+00	1585
A1JMQ6	A1JMQ6	1.000	706	0	0	1	706	1	706	0.000E+00	1694
A1JMQ6	A7FJT9	0.963	706	26	0	1	706	1	706	0.000E+00	1634
A1JMQ6	Q66CG1	0.963	706	26	0	1	706	1	706	0.000E+00	1634
A1JMQ6	B2JYS1	0.960	706	28	0	1	706	1	706	0.000E+00	1630
A1JMQ6	A9R7L5	0.960	706	28	0	1	706	1	706	0.000E+00	1629
A1JMQ6	B1JQR7	0.960	706	28	0	1	706	1	706	0.000E+00	1629
A1JMQ6	Q1CA41	0.960	706	28	0	1	706	1	706	0.000E+00	1629
A1JMQ6	Q1CGJ3	0.960	706	28	0	1	706	1	706	0.000E+00	1629
A1JMQ6	Q7CHK7	0.960	706	28	0	1	706	1	706	0.000E+00	1629
A1JMQ6	A4TMZ0	0.958	706	30	0	1	706	1	706	0.000E+00	1626
Q8CRU6	Q8CRU6	1.000	456	0	0	1	456	1	456	0.000E+00	1103
Q99YP3	Q99YP3	1.000	451	0	0	1	451	1	451	0.000E+00	1075
Q99YP3	P0DG16	0.993	451	3	0	1	451	1	451	0.000E+00	1070
Q99YP3	P0DG17	0.993	451	3	0	1	451	1	451	0.000E+00	1070
Q99YP3	Q5XAU1	0.984	451	7	0	1	451	1	451	0.000E+00	1062
Q99YP3	Q8P017	0.984	451	7	0	1	451	1	451	0.000E+00	1058
P0DG16	P0DG16	1.000	451	0	0	1	451	1	451	0.000E+00	1077
P0DG16	P0DG17	1.000	451	0	0	1	451	1	451	0.000E+00	1077
P0DG16	Q99YP3	0.993	451	3	0	1	451	1	451	0.000E+00	1070
P0DG16	Q5XAU1	0.986	451	6	0	1	451	1	451	0.000E+00	1063
P0DG16	Q8P017	0.986	451	6	0	1	451	1	451	0.000E+00	1060
Q5E5B4	Q5E5B4	1.000	705	0	0	1	705	1	705	0.000E+00	1698
Q5E5B4	B5FE19	0.991	705	6	0	1	705	1	705	0.000E+00	1684
Q5E5B4	B6ELD3	0.933	705	47	0	1	705	1	705	0.000E+00	1616
Q8R918	Q8R918	1.000	452	0	0	1	452	1	452	0.000E+00	1081
P0ADY0	P0ADX9	1.000	198	0	0	1	198	1	198	3.823E-156	478
P0ADY0	P0ADY0	1.000	198	0	0	1	198	1	198	3.823E-156	478
Q65UK6	Q65UK6	1.000	715	0	0	1	715	1	715	0.000E+00	1745
A4TMZ0	A4TMZ0	1.000	706	0	0	1	706	1	706	0.000E+00	1697
A4TMZ0	A9R7L5	0.998	706	1	0	1	706	1	706	0.000E+00	1690
A4TMZ0	B1JQR7	0.998	706	1	0	1	706	1	706	0.000E+00	1690
A4TMZ0	Q1CA41	0.998	706	1	0	1	706	1	706	0.000E+00	1690
A4TMZ0	Q1CGJ3	0.998	706	1	0	1	706	1	706	0.000E+00	1690
A4TMZ0	Q7CHK7	0.998	706	1	0	1	706	1	706	0.000E+00	1690
A4TMZ0	A7FJT9	0.995	706	4	0	1	706	1	706	0.000E+00	1686
A4TMZ0	Q66CG1	0.995	706	4	0	1	706	1	706	0.000E+00	1686
A4TMZ0	B2JYS1	0.995	706	4	0	1	706	1	706	0.000E+00	1685
A4TMZ0	A1JMQ6	0.958	706	30	0	1	706	1	706	0.000E+00	1626
B2VDF6	B2VDF6	1.000	705	0	0	1	705	1	705	0.000E+00	1706
Q8K9I4	Q8K9I4	1.000	697	0	0	1	697	1	697	0.000E+00	1694
Q18511	Q18511	1.000	214	0	0	1	214	1	214	1.666E-170	521
Q891A0	Q891A0	1.000	460	0	0	1	460	1	460	0.000E+00	1098
Q31DJ1	Q31DJ1	1.000	407	0	0	1	407	1	407	0.000E+00	987
P58106	P58106	1.000	397	0	0	1	397	1	397	1.013E-321	971
Q0VQU5	Q0VQU5	1.000	704	0	0	1	704	1	704	0.000E+00	1721
Q66CG1	A7FJT9	1.000	706	0	0	1	706	1	706	0.000E+00	1695
Q66CG1	Q66CG1	1.000	706	0	0	1	706	1	706	0.000E+00	1695
Q66CG1	B2JYS1	0.997	706	2	0	1	706	1	706	0.000E+00	1690
Q66CG1	A9R7L5	0.997	706	2	0	1	706	1	706	0.000E+00	1689
Q66CG1	B1JQR7	0.997	706	2	0	1	706	1	706	0.000E+00	1689
Q66CG1	Q1CA41	0.997	706	2	0	1	706	1	706	0.000E+00	1689
Q66CG1	Q1CGJ3	0.997	706	2	0	1	706	1	706	0.000E+00	1689
Q66CG1	Q7CHK7	0.997	706	2	0	1	706	1	706	0.000E+00	1689
Q66CG1	A4TMZ0	0.995	706	4	0	1	706	1	706	0.000E+00	1686
Q66CG1	A1JMQ6	0.963	706	26	0	1	706	1	706	0.000E+00	1634
A9CG70	A9CG70	1.000	289	0	0	1	289	1	289	7.444E-222	676
A7FJT9	A7FJT9	1.000	706	0	0	1	706	1	706	0.000E+00	1695
A7FJT9	Q66CG1	1.000	706	0	0	1	706	1	706	0.000E+00	1695
A7FJT9	B2JYS1	0.997	706	2	0	1	706	1	706	0.000E+00	1690
A7FJT9	A9R7L5	0.997	706	2	0	1	706	1	706	0.000E+00	1689
A7FJT9	B1JQR7	0.997	706	2	0	1	706	1	706	0.000E+00	1689
A7FJT9	Q1CA41	0.997	706	2	0	1	706	1	706	0.000E+00	1689
A7FJT9	Q1CGJ3	0.997	706	2	0	1	706	1	706	0.000E+00	1689
A7FJT9	Q7CHK7	0.997	706	2	0	1	706	1	706	0.000E+00	1689
A7FJT9	A4TMZ0	0.995	706	4	0	1	706	1	706	0.000E+00	1686
A7FJT9	A1JMQ6	0.963	706	26	0	1	706	1	706	0.000E+00	1634
B3GZQ0	B3GZQ0	1.000	712	0	0	1	712	1	712	0.000E+00	1738
B3GZQ0	B0BRL8	0.984	712	11	0	1	712	1	712	0.000E+00	1719
B3GZQ0	A3MYD2	0.981	712	14	0	1	712	1	712	0.000E+00	1714
A1RKM2	A1RKM2	1.000	709	0	0	1	709	1	709	0.000E+00	1707
A1RKM2	A6WPK6	0.949	709	36	0	1	709	1	709	0.000E+00	1640
A1RKM2	A3D5Q0	0.947	709	38	0	1	709	1	709	0.000E+00	1639
A1RKM2	A9L591	0.946	709	38	0	1	709	1	709	0.000E+00	1637
A1RKM2	Q8EFW4	0.940	709	42	0	1	709	1	709	0.000E+00	1628
Q830R6	Q830R6	1.000	456	0	0	1	456	1	456	0.000E+00	1093
A9N6Y0	A9N6Y0	1.000	702	0	0	1	702	1	702	0.000E+00	1697
A9N6Y0	B4T1Z1	0.998	702	1	0	1	702	1	702	0.000E+00	1693
A9N6Y0	B4TDY8	0.998	702	1	0	1	702	1	702	0.000E+00	1693
A9N6Y0	B5BBL9	0.998	702	1	0	1	702	1	702	0.000E+00	1693
A9N6Y0	B5F1U5	0.998	702	1	0	1	702	1	702	0.000E+00	1693
A9N6Y0	B5FQZ1	0.998	702	1	0	1	702	1	702	0.000E+00	1693
A9N6Y0	B5QZF1	0.998	702	1	0	1	702	1	702	0.000E+00	1693
A9N6Y0	Q5PGE3	0.998	702	1	0	1	702	1	702	0.000E+00	1693
A9N6Y0	Q8ZQ73	0.998	702	1	0	1	702	1	702	0.000E+00	1693
A9N6Y0	B5R6B4	0.997	702	2	0	1	702	1	702	0.000E+00	1692
A9N6Y0	B4TRX1	0.997	702	2	0	1	702	1	702	0.000E+00	1691
A9N6Y0	Q57QU1	0.997	702	2	0	1	702	1	702	0.000E+00	1689
A9N6Y0	Q8Z7S6	0.991	702	6	0	1	702	1	702	0.000E+00	1683
A9N6Y0	Q3Z3H3	0.917	702	58	0	1	702	1	702	0.000E+00	1583
A6VMR3	A6VMR3	1.000	676	0	0	1	676	1	676	0.000E+00	1644
A4IXN4	A4IXN4	1.000	717	0	0	1	717	1	717	0.000E+00	1735
A4IXN4	Q14HS5	0.997	717	2	0	1	717	1	717	0.000E+00	1733
A4IXN4	Q5NGC3	0.997	717	2	0	1	717	1	717	0.000E+00	1733
A4IXN4	A7NCY2	0.997	717	2	0	1	717	1	717	0.000E+00	1731
A4IXN4	Q0BLC3	0.997	717	2	0	1	717	1	717	0.000E+00	1731
A4IXN4	Q2A2U4	0.997	717	2	0	1	717	1	717	0.000E+00	1731
A4IXN4	B2SGG3	0.993	717	5	0	1	717	1	717	0.000E+00	1724
A4IXN4	A0Q621	0.988	717	9	0	1	717	1	717	0.000E+00	1719
A6VGG1	A6VGG1	1.000	181	0	0	1	181	1	181	3.364E-136	420
A6VGG1	A4FWV6	0.933	181	12	0	1	181	1	181	9.342E-127	393
Q6G836	Q6G836	1.000	453	0	0	1	453	1	453	0.000E+00	1096
Q6G836	Q8NVT4	1.000	453	0	0	1	453	1	453	0.000E+00	1096
Q6G836	Q7A4Q9	0.997	453	1	0	1	453	1	453	0.000E+00	1094
Q6G836	Q99SY9	0.997	453	1	0	1	453	1	453	0.000E+00	1094
Q6G836	Q5HEM5	0.997	453	1	0	1	453	1	453	0.000E+00	1091
Q6G836	Q6GFG0	0.991	453	4	0	1	453	1	453	0.000E+00	1088
P33753	P33753	1.000	639	0	0	1	639	1	639	0.000E+00	1542
B1JQR7	A9R7L5	1.000	706	0	0	1	706	1	706	0.000E+00	1694
B1JQR7	B1JQR7	1.000	706	0	0	1	706	1	706	0.000E+00	1694
B1JQR7	Q1CA41	1.000	706	0	0	1	706	1	706	0.000E+00	1694
B1JQR7	Q1CGJ3	1.000	706	0	0	1	706	1	706	0.000E+00	1694
B1JQR7	Q7CHK7	1.000	706	0	0	1	706	1	706	0.000E+00	1694
B1JQR7	A4TMZ0	0.998	706	1	0	1	706	1	706	0.000E+00	1690
B1JQR7	A7FJT9	0.997	706	2	0	1	706	1	706	0.000E+00	1689
B1JQR7	Q66CG1	0.997	706	2	0	1	706	1	706	0.000E+00	1689
B1JQR7	B2JYS1	0.997	706	2	0	1	706	1	706	0.000E+00	1689
B1JQR7	A1JMQ6	0.960	706	28	0	1	706	1	706	0.000E+00	1629
Q9A9T7	Q9A9T7	1.000	289	0	0	1	289	1	289	3.422E-221	674
Q9I525	Q02I93	1.000	450	0	0	1	450	1	450	0.000E+00	1075
Q9I525	Q9I525	1.000	450	0	0	1	450	1	450	0.000E+00	1075
Q0A8Y4	Q0A8Y4	1.000	445	0	0	1	445	1	445	0.000E+00	1074
P57444	P57444	1.000	701	0	0	1	701	1	701	0.000E+00	1708
Q7CHK7	A9R7L5	1.000	706	0	0	1	706	1	706	0.000E+00	1694
Q7CHK7	B1JQR7	1.000	706	0	0	1	706	1	706	0.000E+00	1694
Q7CHK7	Q1CA41	1.000	706	0	0	1	706	1	706	0.000E+00	1694
Q7CHK7	Q1CGJ3	1.000	706	0	0	1	706	1	706	0.000E+00	1694
Q7CHK7	Q7CHK7	1.000	706	0	0	1	706	1	706	0.000E+00	1694
Q7CHK7	A4TMZ0	0.998	706	1	0	1	706	1	706	0.000E+00	1690
Q7CHK7	A7FJT9	0.997	706	2	0	1	706	1	706	0.000E+00	1689
Q7CHK7	Q66CG1	0.997	706	2	0	1	706	1	706	0.000E+00	1689
Q7CHK7	B2JYS1	0.997	706	2	0	1	706	1	706	0.000E+00	1689
Q7CHK7	A1JMQ6	0.960	706	28	0	1	706	1	706	0.000E+00	1629
Q8MSW4	Q8MSW4	1.000	213	0	0	1	213	1	213	3.143E-170	520
B2JYS1	B2JYS1	1.000	706	0	0	1	706	1	706	0.000E+00	1694
B2JYS1	A7FJT9	0.997	706	2	0	1	706	1	706	0.000E+00	1690
B2JYS1	Q66CG1	0.997	706	2	0	1	706	1	706	0.000E+00	1690
B2JYS1	A9R7L5	0.997	706	2	0	1	706	1	706	0.000E+00	1689
B2JYS1	B1JQR7	0.997	706	2	0	1	706	1	706	0.000E+00	1689
B2JYS1	Q1CA41	0.997	706	2	0	1	706	1	706	0.000E+00	1689
B2JYS1	Q1CGJ3	0.997	706	2	0	1	706	1	706	0.000E+00	1689
B2JYS1	Q7CHK7	0.997	706	2	0	1	706	1	706	0.000E+00	1689
B2JYS1	A4TMZ0	0.995	706	4	0	1	706	1	706	0.000E+00	1685
B2JYS1	A1JMQ6	0.960	706	28	0	1	706	1	706	0.000E+00	1630
Q5QX63	Q5QX63	1.000	704	0	0	1	704	1	704	0.000E+00	1710
Q5HEM5	Q5HEM5	1.000	453	0	0	1	453	1	453	0.000E+00	1094
Q5HEM5	Q6G836	0.997	453	1	0	1	453	1	453	0.000E+00	1091
Q5HEM5	Q8NVT4	0.997	453	1	0	1	453	1	453	0.000E+00	1091
Q5HEM5	Q7A4Q9	0.995	453	2	0	1	453	1	453	0.000E+00	1089
Q5HEM5	Q99SY9	0.995	453	2	0	1	453	1	453	0.000E+00	1089
Q5HEM5	Q6GFG0	0.988	453	5	0	1	453	1	453	0.000E+00	1083
B5F1U5	B4T1Z1	1.000	702	0	0	1	702	1	702	0.000E+00	1700
B5F1U5	B4TDY8	1.000	702	0	0	1	702	1	702	0.000E+00	1700
B5F1U5	B5BBL9	1.000	702	0	0	1	702	1	702	0.000E+00	1700
B5F1U5	B5F1U5	1.000	702	0	0	1	702	1	702	0.000E+00	1700
B5F1U5	B5FQZ1	1.000	702	0	0	1	702	1	702	0.000E+00	1700
B5F1U5	B5QZF1	1.000	702	0	0	1	702	1	702	0.000E+00	1700
B5F1U5	Q5PGE3	1.000	702	0	0	1	702	1	702	0.000E+00	1700
B5F1U5	Q8ZQ73	1.000	702	0	0	1	702	1	702	0.000E+00	1700
B5F1U5	B5R6B4	0.998	702	1	0	1	702	1	702	0.000E+00	1698
B5F1U5	B4TRX1	0.998	702	1	0	1	702	1	702	0.000E+00	1697
B5F1U5	Q57QU1	0.998	702	1	0	1	702	1	702	0.000E+00	1695
B5F1U5	A9N6Y0	0.998	702	1	0	1	702	1	702	0.000E+00	1693
B5F1U5	Q8Z7S6	0.992	702	6	0	1	702	1	702	0.000E+00	1690
B5F1U5	Q3Z3H3	0.918	702	57	0	1	702	1	702	0.000E+00	1590
Q1CA41	A9R7L5	1.000	706	0	0	1	706	1	706	0.000E+00	1694
Q1CA41	B1JQR7	1.000	706	0	0	1	706	1	706	0.000E+00	1694
Q1CA41	Q1CA41	1.000	706	0	0	1	706	1	706	0.000E+00	1694
Q1CA41	Q1CGJ3	1.000	706	0	0	1	706	1	706	0.000E+00	1694
Q1CA41	Q7CHK7	1.000	706	0	0	1	706	1	706	0.000E+00	1694
Q1CA41	A4TMZ0	0.998	706	1	0	1	706	1	706	0.000E+00	1690
Q1CA41	A7FJT9	0.997	706	2	0	1	706	1	706	0.000E+00	1689
Q1CA41	Q66CG1	0.997	706	2	0	1	706	1	706	0.000E+00	1689
Q1CA41	B2JYS1	0.997	706	2	0	1	706	1	706	0.000E+00	1689
Q1CA41	A1JMQ6	0.960	706	28	0	1	706	1	706	0.000E+00	1629
Q8G3P4	Q8G3P4	1.000	294	0	0	1	294	1	294	3.521E-232	705
Q7MFU0	Q7MFU0	1.000	376	0	0	1	376	1	376	1.598E-300	909
Q88XP4	Q88XP4	1.000	457	0	0	1	457	1	457	0.000E+00	1087
B2SGG3	B2SGG3	1.000	717	0	0	1	717	1	717	0.000E+00	1738
B2SGG3	A4IXN4	0.993	717	5	0	1	717	1	717	0.000E+00	1724
B2SGG3	Q14HS5	0.990	717	7	0	1	717	1	717	0.000E+00	1721
B2SGG3	Q5NGC3	0.990	717	7	0	1	717	1	717	0.000E+00	1721
B2SGG3	A7NCY2	0.990	717	7	0	1	717	1	717	0.000E+00	1720
B2SGG3	Q0BLC3	0.990	717	7	0	1	717	1	717	0.000E+00	1720
B2SGG3	Q2A2U4	0.990	717	7	0	1	717	1	717	0.000E+00	1720
B2SGG3	A0Q621	0.981	717	14	0	1	717	1	717	0.000E+00	1708
Q92AQ7	Q92AQ7	1.000	453	0	0	1	453	1	453	0.000E+00	1087
Q92AQ7	Q8Y6D6	0.931	452	31	0	1	452	1	452	0.000E+00	1020
Q92AQ7	Q71YR7	0.929	452	32	0	1	452	1	452	0.000E+00	1020
B6ELD3	B6ELD3	1.000	705	0	0	1	705	1	705	0.000E+00	1702
B6ELD3	B5FE19	0.934	705	46	0	1	705	1	705	0.000E+00	1621
B6ELD3	Q5E5B4	0.933	705	47	0	1	705	1	705	0.000E+00	1616
B0TUZ2	B0TUZ2	1.000	378	0	0	1	378	1	378	4.551E-302	913
Q03055	Q03055	1.000	408	0	0	1	408	1	408	0.000E+00	985
Q4QNK7	Q4QNK7	1.000	438	0	0	1	438	1	438	0.000E+00	1060
O58864	O58864	1.000	407	0	0	1	407	1	407	4.941E-324	979
B0BRL8	B0BRL8	1.000	712	0	0	1	712	1	712	0.000E+00	1738
B0BRL8	A3MYD2	0.994	712	4	0	1	712	1	712	0.000E+00	1728
B0BRL8	B3GZQ0	0.984	712	11	0	1	712	1	712	0.000E+00	1719
B4T1Z1	B4T1Z1	1.000	702	0	0	1	702	1	702	0.000E+00	1700
B4T1Z1	B4TDY8	1.000	702	0	0	1	702	1	702	0.000E+00	1700
B4T1Z1	B5BBL9	1.000	702	0	0	1	702	1	702	0.000E+00	1700
B4T1Z1	B5F1U5	1.000	702	0	0	1	702	1	702	0.000E+00	1700
B4T1Z1	B5FQZ1	1.000	702	0	0	1	702	1	702	0.000E+00	1700
B4T1Z1	B5QZF1	1.000	702	0	0	1	702	1	702	0.000E+00	1700
B4T1Z1	Q5PGE3	1.000	702	0	0	1	702	1	702	0.000E+00	1700
B4T1Z1	Q8ZQ73	1.000	702	0	0	1	702	1	702	0.000E+00	1700
B4T1Z1	B5R6B4	0.998	702	1	0	1	702	1	702	0.000E+00	1698
B4T1Z1	B4TRX1	0.998	702	1	0	1	702	1	702	0.000E+00	1697
B4T1Z1	Q57QU1	0.998	702	1	0	1	702	1	702	0.000E+00	1695
B4T1Z1	A9N6Y0	0.998	702	1	0	1	702	1	702	0.000E+00	1693
B4T1Z1	Q8Z7S6	0.992	702	6	0	1	702	1	702	0.000E+00	1690
B4T1Z1	Q3Z3H3	0.918	702	57	0	1	702	1	702	0.000E+00	1590
A6H162	A6H162	1.000	285	0	0	1	285	1	285	2.030E-220	671
Q2Y6W3	Q2Y6W3	1.000	439	0	0	1	439	1	439	0.000E+00	1050
A7MEX5	A7MEX5	1.000	705	0	0	1	705	1	705	0.000E+00	1701
P44524	P44524	1.000	711	0	0	1	711	1	711	0.000E+00	1721
P44524	A5UFS2	0.991	711	6	0	1	711	1	711	0.000E+00	1710
P44524	A5UB28	0.991	711	6	0	1	711	1	711	0.000E+00	1708
P44524	Q4QP66	0.977	711	16	0	1	711	1	711	0.000E+00	1684
Q89B29	Q89B29	1.000	196	0	0	1	196	1	196	9.079E-154	471
Q0I4C6	Q0I4C6	1.000	718	0	0	1	718	1	718	0.000E+00	1744
Q0I4C6	B0UUM5	0.998	718	1	0	1	718	1	718	0.000E+00	1741
Q0HJZ9	Q0HJZ9	1.000	713	0	0	1	713	1	713	0.000E+00	1714
Q0HJZ9	Q0HWA0	0.998	713	1	0	1	713	1	713	0.000E+00	1713
Q0HJZ9	A0KVL6	0.991	713	6	0	1	713	1	713	0.000E+00	1702
Q8IZ69	Q8IZ69	1.000	625	0	0	1	625	1	625	0.000E+00	1532
B1KDN0	B1KDN0	1.000	711	0	0	1	711	1	711	0.000E+00	1725
B1KDN0	A8FW59	0.946	709	38	0	1	709	1	709	0.000E+00	1638
B4RZ48	B4RZ48	1.000	699	0	0	1	699	1	699	0.000E+00	1695
P39587	P39587	1.000	396	0	0	1	396	1	396	1.099E-309	938
B3PL62	B3PL62	1.000	485	0	0	1	485	1	485	0.000E+00	1161
Q74CC6	Q74CC6	1.000	438	0	0	1	438	1	438	0.000E+00	1076
P0ADX9	P0ADX9	1.000	198	0	0	1	198	1	198	3.823E-156	478
P0ADX9	P0ADY0	1.000	198	0	0	1	198	1	198	3.823E-156	478
Q8NVT4	Q6G836	1.000	453	0	0	1	453	1	453	0.000E+00	1096
Q8NVT4	Q8NVT4	1.000	453	0	0	1	453	1	453	0.000E+00	1096
Q8NVT4	Q7A4Q9	0.997	453	1	0	1	453	1	453	0.000E+00	1094
Q8NVT4	Q99SY9	0.997	453	1	0	1	453	1	453	0.000E+00	1094
Q8NVT4	Q5HEM5	0.997	453	1	0	1	453	1	453	0.000E+00	1091
Q8NVT4	Q6GFG0	0.991	453	4	0	1	453	1	453	0.000E+00	1088
Q5XAU1	Q5XAU1	1.000	451	0	0	1	451	1	451	0.000E+00	1078
Q5XAU1	Q8P017	0.991	451	4	0	1	451	1	451	0.000E+00	1071
Q5XAU1	P0DG16	0.986	451	6	0	1	451	1	451	0.000E+00	1063
Q5XAU1	P0DG17	0.986	451	6	0	1	451	1	451	0.000E+00	1063
Q5XAU1	Q99YP3	0.984	451	7	0	1	451	1	451	0.000E+00	1062
Q4K898	Q4K898	1.000	450	0	0	1	450	1	450	0.000E+00	1075
Q9KRZ5	A5F836	1.000	708	0	0	1	708	1	708	0.000E+00	1712
Q9KRZ5	Q9KRZ5	1.000	708	0	0	1	708	1	708	0.000E+00	1712
Q65V70	Q65V70	1.000	293	0	0	1	293	1	293	1.483E-234	712
Q8R933	Q8R933	1.000	450	0	0	1	450	1	450	0.000E+00	1079
P55137	P55137	1.000	396	0	0	1	396	1	396	1.862E-319	965
A5UFS2	A5UFS2	1.000	711	0	0	1	711	1	711	0.000E+00	1720
A5UFS2	P44524	0.991	711	6	0	1	711	1	711	0.000E+00	1710
A5UFS2	A5UB28	0.991	711	6	0	1	711	1	711	0.000E+00	1708
A5UFS2	Q4QP66	0.977	711	16	0	1	711	1	711	0.000E+00	1682
Q8ES75	Q8ES75	1.000	459	0	0	1	459	1	459	0.000E+00	1117
Q8K1A0	Q8K1A0	1.000	209	0	0	1	209	1	209	1.195E-164	504
Q8K1A0	Q9NRN9	0.913	209	18	0	1	209	1	209	1.022E-152	470
Q58292	Q58292	1.000	197	0	0	1	197	1	197	3.208E-152	467
Q9K4E3	Q9K4E3	1.000	281	0	0	1	281	1	281	2.792E-225	684
B4TDY8	B4T1Z1	1.000	702	0	0	1	702	1	702	0.000E+00	1700
B4TDY8	B4TDY8	1.000	702	0	0	1	702	1	702	0.000E+00	1700
B4TDY8	B5BBL9	1.000	702	0	0	1	702	1	702	0.000E+00	1700
B4TDY8	B5F1U5	1.000	702	0	0	1	702	1	702	0.000E+00	1700
B4TDY8	B5FQZ1	1.000	702	0	0	1	702	1	702	0.000E+00	1700
B4TDY8	B5QZF1	1.000	702	0	0	1	702	1	702	0.000E+00	1700
B4TDY8	Q5PGE3	1.000	702	0	0	1	702	1	702	0.000E+00	1700
B4TDY8	Q8ZQ73	1.000	702	0	0	1	702	1	702	0.000E+00	1700
B4TDY8	B5R6B4	0.998	702	1	0	1	702	1	702	0.000E+00	1698
B4TDY8	B4TRX1	0.998	702	1	0	1	702	1	702	0.000E+00	1697
B4TDY8	Q57QU1	0.998	702	1	0	1	702	1	702	0.000E+00	1695
B4TDY8	A9N6Y0	0.998	702	1	0	1	702	1	702	0.000E+00	1693
B4TDY8	Q8Z7S6	0.992	702	6	0	1	702	1	702	0.000E+00	1690
B4TDY8	Q3Z3H3	0.918	702	57	0	1	702	1	702	0.000E+00	1590
Q5E320	Q5E320	1.000	438	0	0	1	438	1	438	0.000E+00	1044
B1XU70	B1XU70	1.000	475	0	0	1	475	1	475	0.000E+00	1140
A0KVL6	A0KVL6	1.000	713	0	0	1	713	1	713	0.000E+00	1717
A0KVL6	Q0HWA0	0.992	713	6	0	1	713	1	713	0.000E+00	1703
A0KVL6	Q0HJZ9	0.991	713	6	0	1	713	1	713	0.000E+00	1702
Q6GFG0	Q6GFG0	1.000	453	0	0	1	453	1	453	0.000E+00	1097
Q6GFG0	Q6G836	0.991	453	4	0	1	453	1	453	0.000E+00	1088
Q6GFG0	Q8NVT4	0.991	453	4	0	1	453	1	453	0.000E+00	1088
Q6GFG0	Q7A4Q9	0.988	453	5	0	1	453	1	453	0.000E+00	1087
Q6GFG0	Q99SY9	0.988	453	5	0	1	453	1	453	0.000E+00	1087
Q6GFG0	Q5HEM5	0.988	453	5	0	1	453	1	453	0.000E+00	1083
Q09833	Q09833	1.000	527	0	0	1	527	1	527	0.000E+00	1267
Q99SY9	Q7A4Q9	1.000	453	0	0	1	453	1	453	0.000E+00	1096
Q99SY9	Q99SY9	1.000	453	0	0	1	453	1	453	0.000E+00	1096
Q99SY9	Q6G836	0.997	453	1	0	1	453	1	453	0.000E+00	1094
Q99SY9	Q8NVT4	0.997	453	1	0	1	453	1	453	0.000E+00	1094
Q99SY9	Q5HEM5	0.995	453	2	0	1	453	1	453	0.000E+00	1089
Q99SY9	Q6GFG0	0.988	453	5	0	1	453	1	453	0.000E+00	1087
