A0KVL6	A0KVL6	1.000	713	0	0	1	713	1	713	0.000E+00	1717
A0KVL6	Q0HWA0	0.992	713	6	0	1	713	1	713	0.000E+00	1703
A0KVL6	Q0HJZ9	0.991	713	6	0	1	713	1	713	0.000E+00	1702
Q7VKU9	Q7VKU9	1.000	442	0	0	1	442	1	442	0.000E+00	1077
A1RKM2	A1RKM2	1.000	709	0	0	1	709	1	709	0.000E+00	1707
A1RKM2	A6WPK6	0.949	709	36	0	1	709	1	709	0.000E+00	1640
A1RKM2	A3D5Q0	0.947	709	38	0	1	709	1	709	0.000E+00	1639
A1RKM2	A9L591	0.946	709	38	0	1	709	1	709	0.000E+00	1637
A1RKM2	Q8EFW4	0.940	709	42	0	1	709	1	709	0.000E+00	1628
A6WPK6	A6WPK6	1.000	709	0	0	1	709	1	709	0.000E+00	1702
A6WPK6	A9L591	0.995	709	4	0	1	709	1	709	0.000E+00	1697
A6WPK6	A3D5Q0	0.994	709	4	0	1	709	1	709	0.000E+00	1695
A6WPK6	A1RKM2	0.949	709	36	0	1	709	1	709	0.000E+00	1640
A6WPK6	Q8EFW4	0.908	709	65	0	1	709	1	709	0.000E+00	1586
Q6D3S2	Q6D3S2	1.000	375	0	0	1	375	1	375	6.654E-299	902
F1QVR8	F1QVR8	1.000	207	0	0	1	207	1	207	6.815E-167	507
Q5XAU1	Q5XAU1	1.000	451	0	0	1	451	1	451	0.000E+00	1078
Q5XAU1	Q8P017	0.991	451	4	0	1	451	1	451	0.000E+00	1071
Q5XAU1	P0DG16	0.986	451	6	0	1	451	1	451	0.000E+00	1063
Q5XAU1	P0DG17	0.986	451	6	0	1	451	1	451	0.000E+00	1063
Q5XAU1	Q99YP3	0.984	451	7	0	1	451	1	451	0.000E+00	1062
P0DG16	P0DG16	1.000	451	0	0	1	451	1	451	0.000E+00	1077
P0DG16	P0DG17	1.000	451	0	0	1	451	1	451	0.000E+00	1077
P0DG16	Q99YP3	0.993	451	3	0	1	451	1	451	0.000E+00	1070
P0DG16	Q5XAU1	0.986	451	6	0	1	451	1	451	0.000E+00	1063
P0DG16	Q8P017	0.986	451	6	0	1	451	1	451	0.000E+00	1060
O34331	O34331	1.000	184	0	0	1	184	1	184	3.880E-143	437
Q89B29	Q89B29	1.000	196	0	0	1	196	1	196	1.424E-154	471
A9L591	A9L591	1.000	709	0	0	1	709	1	709	0.000E+00	1702
A9L591	A6WPK6	0.995	709	4	0	1	709	1	709	0.000E+00	1697
A9L591	A3D5Q0	0.995	709	4	0	1	709	1	709	0.000E+00	1696
A9L591	A1RKM2	0.946	709	38	0	1	709	1	709	0.000E+00	1637
A9L591	Q8EFW4	0.906	709	67	0	1	709	1	709	0.000E+00	1585
Q8P017	Q8P017	1.000	451	0	0	1	451	1	451	0.000E+00	1077
Q8P017	Q5XAU1	0.991	451	4	0	1	451	1	451	0.000E+00	1071
Q8P017	P0DG16	0.986	451	6	0	1	451	1	451	0.000E+00	1060
Q8P017	P0DG17	0.986	451	6	0	1	451	1	451	0.000E+00	1060
Q8P017	Q99YP3	0.984	451	7	0	1	451	1	451	0.000E+00	1058
Q99YP3	Q99YP3	1.000	451	0	0	1	451	1	451	0.000E+00	1075
Q99YP3	P0DG16	0.993	451	3	0	1	451	1	451	0.000E+00	1070
Q99YP3	P0DG17	0.993	451	3	0	1	451	1	451	0.000E+00	1070
Q99YP3	Q5XAU1	0.984	451	7	0	1	451	1	451	0.000E+00	1062
Q99YP3	Q8P017	0.984	451	7	0	1	451	1	451	0.000E+00	1058
Q58120	Q58120	1.000	351	0	0	1	351	1	351	7.170E-278	839
A3D5Q0	A3D5Q0	1.000	709	0	0	1	709	1	709	0.000E+00	1703
A3D5Q0	A9L591	0.995	709	4	0	1	709	1	709	0.000E+00	1696
A3D5Q0	A6WPK6	0.994	709	4	0	1	709	1	709	0.000E+00	1695
A3D5Q0	A1RKM2	0.947	709	38	0	1	709	1	709	0.000E+00	1639
A3D5Q0	Q8EFW4	0.909	709	64	0	1	709	1	709	0.000E+00	1590
Q9NRN9	Q9NRN9	1.000	209	0	0	1	209	1	209	8.725E-166	504
Q9NRN9	Q8K1A0	0.913	209	18	0	1	209	1	209	1.601E-153	470
P0ADY0	P0ADX9	1.000	198	0	0	1	198	1	198	5.994E-157	478
P0ADY0	P0ADY0	1.000	198	0	0	1	198	1	198	5.994E-157	478
Q2Y6W3	Q2Y6W3	1.000	439	0	0	1	439	1	439	0.000E+00	1050
Q0HWA0	Q0HWA0	1.000	713	0	0	1	713	1	713	0.000E+00	1714
Q0HWA0	Q0HJZ9	0.998	713	1	0	1	713	1	713	0.000E+00	1713
Q0HWA0	A0KVL6	0.992	713	6	0	1	713	1	713	0.000E+00	1703
P0DG17	P0DG16	1.000	451	0	0	1	451	1	451	0.000E+00	1077
P0DG17	P0DG17	1.000	451	0	0	1	451	1	451	0.000E+00	1077
P0DG17	Q99YP3	0.993	451	3	0	1	451	1	451	0.000E+00	1070
P0DG17	Q5XAU1	0.986	451	6	0	1	451	1	451	0.000E+00	1063
P0DG17	Q8P017	0.986	451	6	0	1	451	1	451	0.000E+00	1060
Q8K1A0	Q8K1A0	1.000	209	0	0	1	209	1	209	1.872E-165	504
Q8K1A0	Q9NRN9	0.913	209	18	0	1	209	1	209	1.601E-153	470
P57136	P57136	1.000	191	0	0	1	191	1	191	1.081E-153	468
P44869	P44869	1.000	193	0	0	1	193	1	193	6.595E-155	472
Q0HJZ9	Q0HJZ9	1.000	713	0	0	1	713	1	713	0.000E+00	1714
Q0HJZ9	Q0HWA0	0.998	713	1	0	1	713	1	713	0.000E+00	1713
Q0HJZ9	A0KVL6	0.991	713	6	0	1	713	1	713	0.000E+00	1702
Q8EFW4	Q8EFW4	1.000	711	0	0	1	711	1	711	0.000E+00	1715
Q8EFW4	A1RKM2	0.940	709	42	0	1	709	1	709	0.000E+00	1628
Q8EFW4	A3D5Q0	0.909	709	64	0	1	709	1	709	0.000E+00	1590
Q8EFW4	A6WPK6	0.908	709	65	0	1	709	1	709	0.000E+00	1586
Q8EFW4	A9L591	0.906	709	67	0	1	709	1	709	0.000E+00	1585
P57444	P57444	1.000	701	0	0	1	701	1	701	0.000E+00	1708
P0ADX9	P0ADX9	1.000	198	0	0	1	198	1	198	5.994E-157	478
P0ADX9	P0ADY0	1.000	198	0	0	1	198	1	198	5.994E-157	478
B0TUZ2	B0TUZ2	1.000	378	0	0	1	378	1	378	7.051E-303	913
Q0VQU5	Q0VQU5	1.000	704	0	0	1	704	1	704	0.000E+00	1721
