C1CCA8	C1CCA8	1.000	316	0	0	1	316	1	316	1.852E-246	748
C1CCA8	P59658	1.000	316	0	0	1	316	1	316	1.852E-246	748
C1CCA8	Q04MC7	1.000	316	0	0	1	316	1	316	1.852E-246	748
C1CCA8	B5E6Z2	0.993	316	2	0	1	316	1	316	2.674E-245	745
C1CCA8	C1CIJ8	0.993	316	2	0	1	316	1	316	2.674E-245	745
C1CCA8	C1CBB2	0.990	316	3	0	1	316	1	316	3.858E-244	742
C1CCA8	B2ISQ2	0.990	316	3	0	1	316	1	316	3.858E-244	742
C1CCA8	B8ZL51	0.990	316	3	0	1	316	1	316	3.858E-244	742
C1CCA8	P0CB58	0.990	316	3	0	1	316	1	316	1.773E-243	740
C1CCA8	C1CPL0	0.984	316	5	0	1	316	1	316	3.801E-243	739
C1CCA8	B1I953	0.981	316	6	0	1	316	1	316	2.557E-242	737
Q7V4B2	Q7V4B2	1.000	310	0	0	1	310	1	310	3.537E-238	724
Q7V4B2	A2CD93	0.974	310	8	0	1	310	1	310	9.955E-231	703
P62471	P62471	1.000	315	0	0	1	315	1	315	3.498E-246	747
P62471	Q042P4	0.965	315	11	0	1	315	1	315	2.153E-239	728
Q8ZRU8	B4TJ79	1.000	313	0	0	1	313	1	313	5.409E-241	733
Q8ZRU8	B4TXH0	1.000	313	0	0	1	313	1	313	5.409E-241	733
Q8ZRU8	B5F7V6	1.000	313	0	0	1	313	1	313	5.409E-241	733
Q8ZRU8	B5FI64	1.000	313	0	0	1	313	1	313	5.409E-241	733
Q8ZRU8	B5R2L6	1.000	313	0	0	1	313	1	313	5.409E-241	733
Q8ZRU8	B5RH56	1.000	313	0	0	1	313	1	313	5.409E-241	733
Q8ZRU8	C0Q5H8	1.000	313	0	0	1	313	1	313	5.409E-241	733
Q8ZRU8	Q8ZRU8	1.000	313	0	0	1	313	1	313	5.409E-241	733
Q8ZRU8	A9MZL1	0.996	313	1	0	1	313	1	313	7.919E-241	732
Q8ZRU8	B4SU42	0.996	313	1	0	1	313	1	313	3.639E-240	730
Q8ZRU8	A9MQD1	0.993	313	2	0	1	313	1	313	1.672E-239	728
Q8ZRU8	B5BLG4	0.993	313	2	0	1	313	1	313	2.449E-239	728
Q8ZRU8	Q5PDH4	0.993	313	2	0	1	313	1	313	2.449E-239	728
Q8ZRU8	Q8Z9H4	0.993	313	2	0	1	313	1	313	7.685E-239	727
Q8ZRU8	Q57TD8	0.993	312	2	0	2	313	1	312	1.647E-238	726
Q8ZRU8	A8ALL4	0.977	313	7	0	1	313	2	314	1.572E-235	717
P60399	P60399	1.000	313	0	0	1	313	1	313	1.698E-240	731
B6ELI3	B6ELI3	1.000	316	0	0	1	316	1	316	6.069E-249	755
B6ELI3	B5FB43	0.924	316	24	0	1	316	1	316	6.493E-229	699
B6ELI3	Q5E2P2	0.914	316	27	0	1	316	1	316	4.206E-226	691
B9IVZ5	B9IVZ5	1.000	310	0	0	1	310	1	310	3.803E-243	738
B9IVZ5	P62468	1.000	310	0	0	1	310	1	310	3.803E-243	738
B9IVZ5	B7HM39	0.996	310	1	0	1	310	1	310	1.194E-242	737
B9IVZ5	A0RHT9	0.996	310	1	0	1	310	1	310	5.490E-242	735
B9IVZ5	B7JK06	0.996	310	1	0	1	310	1	310	5.490E-242	735
B9IVZ5	C1EPT2	0.996	310	1	0	1	310	1	310	5.490E-242	735
B9IVZ5	C3L6F3	0.996	310	1	0	1	310	1	310	5.490E-242	735
B9IVZ5	C3P688	0.996	310	1	0	1	310	1	310	5.490E-242	735
B9IVZ5	Q636A8	0.996	310	1	0	1	310	1	310	5.490E-242	735
B9IVZ5	Q81WC3	0.996	310	1	0	1	310	1	310	5.490E-242	735
B9IVZ5	Q6HEP6	0.993	310	2	0	1	310	1	310	1.160E-240	731
B9IVZ5	B7IVF3	0.983	310	5	0	1	310	1	310	1.144E-239	728
B9IVZ5	Q819P8	0.983	310	5	0	1	310	1	310	1.144E-239	728
B9IVZ5	B7H6Q4	0.980	310	6	0	1	310	1	310	7.697E-239	726
B9IVZ5	A9VU80	0.970	310	9	0	1	310	1	310	1.094E-236	720
B9IVZ5	A7GRP4	0.945	310	17	0	1	310	1	310	3.225E-232	708
Q039S2	Q039S2	1.000	313	0	0	1	313	1	313	2.486E-240	731
Q039S2	B3WDX7	0.993	313	2	0	1	313	1	313	5.169E-238	724
Q6HEP6	Q6HEP6	1.000	310	0	0	1	310	1	310	1.194E-242	737
Q6HEP6	A0RHT9	0.996	310	1	0	1	310	1	310	8.040E-242	734
Q6HEP6	B7JK06	0.996	310	1	0	1	310	1	310	8.040E-242	734
Q6HEP6	C1EPT2	0.996	310	1	0	1	310	1	310	8.040E-242	734
Q6HEP6	C3L6F3	0.996	310	1	0	1	310	1	310	8.040E-242	734
Q6HEP6	C3P688	0.996	310	1	0	1	310	1	310	8.040E-242	734
Q6HEP6	Q636A8	0.996	310	1	0	1	310	1	310	8.040E-242	734
Q6HEP6	Q81WC3	0.996	310	1	0	1	310	1	310	8.040E-242	734
Q6HEP6	B9IVZ5	0.993	310	2	0	1	310	1	310	1.160E-240	731
Q6HEP6	P62468	0.993	310	2	0	1	310	1	310	1.160E-240	731
Q6HEP6	B7HM39	0.990	310	3	0	1	310	1	310	3.643E-240	730
Q6HEP6	B7IVF3	0.983	310	5	0	1	310	1	310	1.675E-239	728
Q6HEP6	Q819P8	0.983	310	5	0	1	310	1	310	1.675E-239	728
Q6HEP6	B7H6Q4	0.980	310	6	0	1	310	1	310	1.127E-238	726
Q6HEP6	A9VU80	0.967	310	10	0	1	310	1	310	2.309E-235	716
Q6HEP6	A7GRP4	0.941	310	18	0	1	310	1	310	4.646E-231	704
A0Q055	A0Q055	1.000	309	0	0	1	309	1	309	1.066E-243	740
Q3IFZ6	Q3IFZ6	1.000	312	0	0	1	312	1	312	1.474E-239	728
B3WDX7	B3WDX7	1.000	313	0	0	1	313	1	313	1.142E-239	729
B3WDX7	Q039S2	0.993	313	2	0	1	313	1	313	5.169E-238	724
B2TS30	B2TS30	1.000	310	0	0	1	310	1	310	5.726E-245	743
B2TS30	B2V4W0	0.996	310	1	0	1	310	1	310	8.385E-245	743
Q9CH73	Q9CH73	1.000	317	0	0	1	317	1	317	2.012E-243	740
Q9CH73	A2RLT4	0.971	317	9	0	1	317	1	317	5.658E-236	719
Q9CH73	Q02ZY9	0.971	317	9	0	1	317	1	317	5.658E-236	719
A0RHT9	A0RHT9	1.000	310	0	0	1	310	1	310	3.803E-243	738
A0RHT9	B7JK06	1.000	310	0	0	1	310	1	310	3.803E-243	738
A0RHT9	C1EPT2	1.000	310	0	0	1	310	1	310	3.803E-243	738
A0RHT9	C3L6F3	1.000	310	0	0	1	310	1	310	3.803E-243	738
A0RHT9	C3P688	1.000	310	0	0	1	310	1	310	3.803E-243	738
A0RHT9	Q636A8	1.000	310	0	0	1	310	1	310	3.803E-243	738
A0RHT9	Q81WC3	1.000	310	0	0	1	310	1	310	3.803E-243	738
A0RHT9	B9IVZ5	0.996	310	1	0	1	310	1	310	5.490E-242	735
A0RHT9	P62468	0.996	310	1	0	1	310	1	310	5.490E-242	735
A0RHT9	Q6HEP6	0.996	310	1	0	1	310	1	310	8.040E-242	734
A0RHT9	B7HM39	0.993	310	2	0	1	310	1	310	1.724E-241	733
A0RHT9	B7IVF3	0.987	310	4	0	1	310	1	310	7.925E-241	732
A0RHT9	Q819P8	0.987	310	4	0	1	310	1	310	7.925E-241	732
A0RHT9	B7H6Q4	0.983	310	5	0	1	310	1	310	5.334E-240	729
A0RHT9	A9VU80	0.970	310	9	0	1	310	1	310	1.094E-236	720
A0RHT9	A7GRP4	0.945	310	17	0	1	310	1	310	2.203E-232	708
B2A2G4	B2A2G4	1.000	315	0	0	1	315	1	315	2.389E-246	748
Q02ZY9	A2RLT4	1.000	317	0	0	1	317	1	317	2.902E-242	737
Q02ZY9	Q02ZY9	1.000	317	0	0	1	317	1	317	2.902E-242	737
Q02ZY9	Q9CH73	0.971	317	9	0	1	317	1	317	5.658E-236	719
P65433	A2RD40	1.000	316	0	0	1	316	1	316	8.393E-245	744
P65433	P0DC36	1.000	316	0	0	1	316	1	316	8.393E-245	744
P65433	P0DC37	1.000	316	0	0	1	316	1	316	8.393E-245	744
P65433	P65431	1.000	316	0	0	1	316	1	316	8.393E-245	744
P65433	P65433	1.000	316	0	0	1	316	1	316	8.393E-245	744
P65433	Q1JAG5	1.000	316	0	0	1	316	1	316	8.393E-245	744
P65433	Q1JFK8	1.000	316	0	0	1	316	1	316	8.393E-245	744
P65433	Q1JKL7	1.000	316	0	0	1	316	1	316	8.393E-245	744
P65433	Q48RZ0	1.000	316	0	0	1	316	1	316	8.393E-245	744
P65433	B5XML3	0.996	316	1	0	1	316	1	316	5.649E-244	741
P65433	Q5XAL3	0.993	316	2	0	1	316	1	316	2.596E-243	740
P65433	Q1J5F8	0.987	316	4	0	1	316	1	316	1.721E-241	734
P65433	C5WIJ4	0.958	316	13	0	1	316	1	316	3.300E-234	714
A9MQD1	A9MQD1	1.000	313	0	0	1	313	1	313	7.919E-241	732
A9MQD1	B4SU42	0.996	313	1	0	1	313	1	313	3.639E-240	730
A9MQD1	B4TJ79	0.993	313	2	0	1	313	1	313	1.672E-239	728
A9MQD1	B4TXH0	0.993	313	2	0	1	313	1	313	1.672E-239	728
A9MQD1	B5F7V6	0.993	313	2	0	1	313	1	313	1.672E-239	728
A9MQD1	B5FI64	0.993	313	2	0	1	313	1	313	1.672E-239	728
A9MQD1	B5R2L6	0.993	313	2	0	1	313	1	313	1.672E-239	728
A9MQD1	B5RH56	0.993	313	2	0	1	313	1	313	1.672E-239	728
A9MQD1	C0Q5H8	0.993	313	2	0	1	313	1	313	1.672E-239	728
A9MQD1	Q8ZRU8	0.993	313	2	0	1	313	1	313	1.672E-239	728
A9MQD1	A9MZL1	0.990	313	3	0	1	313	1	313	2.449E-239	728
A9MQD1	B5BLG4	0.993	313	2	0	1	313	1	313	2.449E-239	728
A9MQD1	Q5PDH4	0.993	313	2	0	1	313	1	313	2.449E-239	728
A9MQD1	Q8Z9H4	0.987	313	4	0	1	313	1	313	2.375E-237	722
A9MQD1	Q57TD8	0.987	312	4	0	2	313	1	312	5.090E-237	721
A9MQD1	A8ALL4	0.977	313	7	0	1	313	2	314	1.572E-235	717
Q5FKV7	Q5FKV7	1.000	315	0	0	1	315	1	315	7.607E-247	749
Q5FKV7	A8YUN6	0.923	315	24	0	1	315	1	315	2.770E-231	706
B9E0V5	B9E0V5	1.000	309	0	0	1	309	1	309	1.518E-241	733
Q3K394	Q3K394	1.000	315	0	0	1	315	1	315	1.082E-244	743
Q3K394	Q8E1R8	1.000	315	0	0	1	315	1	315	1.082E-244	743
Q3K394	Q8E782	0.996	315	1	0	1	315	1	315	1.067E-243	740
Q97H81	Q97H81	1.000	312	0	0	1	312	1	312	2.320E-244	742
Q4K6I5	Q4K6I5	1.000	315	0	0	1	315	1	315	1.516E-241	734
Q4K6I5	C3KCS2	0.958	315	13	0	1	315	1	315	1.337E-233	712
Q4K6I5	Q3K736	0.920	315	25	0	1	315	1	315	1.643E-223	684
Q4K6I5	B1J1Y2	0.917	315	26	0	1	315	1	315	2.404E-223	684
Q4K6I5	B0KFT4	0.920	315	25	0	1	315	1	315	7.532E-223	682
Q4K6I5	A5W8Q8	0.917	315	26	0	1	315	1	315	5.052E-222	680
Q4K6I5	Q88N84	0.914	315	27	0	1	315	1	315	7.392E-222	679
Q4K6I5	Q1I5B0	0.907	315	29	0	1	315	1	315	1.553E-220	676
C4ZD30	C4ZD30	1.000	314	0	0	1	314	1	314	4.637E-248	752
B8FT64	B8FT64	1.000	310	0	0	1	310	1	310	8.385E-245	743
B8FT64	Q24TD8	1.000	310	0	0	1	310	1	310	8.385E-245	743
P65431	A2RD40	1.000	316	0	0	1	316	1	316	8.393E-245	744
P65431	P0DC36	1.000	316	0	0	1	316	1	316	8.393E-245	744
P65431	P0DC37	1.000	316	0	0	1	316	1	316	8.393E-245	744
P65431	P65431	1.000	316	0	0	1	316	1	316	8.393E-245	744
P65431	P65433	1.000	316	0	0	1	316	1	316	8.393E-245	744
P65431	Q1JAG5	1.000	316	0	0	1	316	1	316	8.393E-245	744
P65431	Q1JFK8	1.000	316	0	0	1	316	1	316	8.393E-245	744
P65431	Q1JKL7	1.000	316	0	0	1	316	1	316	8.393E-245	744
P65431	Q48RZ0	1.000	316	0	0	1	316	1	316	8.393E-245	744
P65431	B5XML3	0.996	316	1	0	1	316	1	316	5.649E-244	741
P65431	Q5XAL3	0.993	316	2	0	1	316	1	316	2.596E-243	740
P65431	Q1J5F8	0.987	316	4	0	1	316	1	316	1.721E-241	734
P65431	C5WIJ4	0.958	316	13	0	1	316	1	316	3.300E-234	714
C3L6F3	A0RHT9	1.000	310	0	0	1	310	1	310	3.803E-243	738
C3L6F3	B7JK06	1.000	310	0	0	1	310	1	310	3.803E-243	738
C3L6F3	C1EPT2	1.000	310	0	0	1	310	1	310	3.803E-243	738
C3L6F3	C3L6F3	1.000	310	0	0	1	310	1	310	3.803E-243	738
C3L6F3	C3P688	1.000	310	0	0	1	310	1	310	3.803E-243	738
C3L6F3	Q636A8	1.000	310	0	0	1	310	1	310	3.803E-243	738
C3L6F3	Q81WC3	1.000	310	0	0	1	310	1	310	3.803E-243	738
C3L6F3	B9IVZ5	0.996	310	1	0	1	310	1	310	5.490E-242	735
C3L6F3	P62468	0.996	310	1	0	1	310	1	310	5.490E-242	735
C3L6F3	Q6HEP6	0.996	310	1	0	1	310	1	310	8.040E-242	734
C3L6F3	B7HM39	0.993	310	2	0	1	310	1	310	1.724E-241	733
C3L6F3	B7IVF3	0.987	310	4	0	1	310	1	310	7.925E-241	732
C3L6F3	Q819P8	0.987	310	4	0	1	310	1	310	7.925E-241	732
C3L6F3	B7H6Q4	0.983	310	5	0	1	310	1	310	5.334E-240	729
C3L6F3	A9VU80	0.970	310	9	0	1	310	1	310	1.094E-236	720
C3L6F3	A7GRP4	0.945	310	17	0	1	310	1	310	2.203E-232	708
Q03J09	Q03J09	1.000	316	0	0	1	316	1	316	2.635E-244	742
Q03J09	Q5LY91	1.000	316	0	0	1	316	1	316	2.635E-244	742
Q03J09	Q5M2U6	0.993	316	2	0	1	316	1	316	8.148E-243	738
Q7N139	Q7N139	1.000	314	0	0	1	314	1	314	1.356E-242	737
B8I6G6	B8I6G6	1.000	313	0	0	1	313	1	313	2.787E-248	753
C1EPT2	A0RHT9	1.000	310	0	0	1	310	1	310	3.803E-243	738
C1EPT2	B7JK06	1.000	310	0	0	1	310	1	310	3.803E-243	738
C1EPT2	C1EPT2	1.000	310	0	0	1	310	1	310	3.803E-243	738
C1EPT2	C3L6F3	1.000	310	0	0	1	310	1	310	3.803E-243	738
C1EPT2	C3P688	1.000	310	0	0	1	310	1	310	3.803E-243	738
C1EPT2	Q636A8	1.000	310	0	0	1	310	1	310	3.803E-243	738
C1EPT2	Q81WC3	1.000	310	0	0	1	310	1	310	3.803E-243	738
C1EPT2	B9IVZ5	0.996	310	1	0	1	310	1	310	5.490E-242	735
C1EPT2	P62468	0.996	310	1	0	1	310	1	310	5.490E-242	735
C1EPT2	Q6HEP6	0.996	310	1	0	1	310	1	310	8.040E-242	734
C1EPT2	B7HM39	0.993	310	2	0	1	310	1	310	1.724E-241	733
C1EPT2	B7IVF3	0.987	310	4	0	1	310	1	310	7.925E-241	732
C1EPT2	Q819P8	0.987	310	4	0	1	310	1	310	7.925E-241	732
C1EPT2	B7H6Q4	0.983	310	5	0	1	310	1	310	5.334E-240	729
C1EPT2	A9VU80	0.970	310	9	0	1	310	1	310	1.094E-236	720
C1EPT2	A7GRP4	0.945	310	17	0	1	310	1	310	2.203E-232	708
P62475	P62475	1.000	315	0	0	1	315	1	315	3.448E-245	745
C5WIJ4	C5WIJ4	1.000	316	0	0	1	316	1	316	2.674E-245	745
C5WIJ4	Q1J5F8	0.971	316	9	0	1	316	1	316	3.465E-237	722
C5WIJ4	Q5XAL3	0.958	316	13	0	1	316	1	316	3.300E-234	714
C5WIJ4	A2RD40	0.958	316	13	0	1	316	1	316	3.300E-234	714
C5WIJ4	P0DC36	0.958	316	13	0	1	316	1	316	3.300E-234	714
C5WIJ4	P0DC37	0.958	316	13	0	1	316	1	316	3.300E-234	714
C5WIJ4	P65431	0.958	316	13	0	1	316	1	316	3.300E-234	714
C5WIJ4	P65433	0.958	316	13	0	1	316	1	316	3.300E-234	714
C5WIJ4	Q1JAG5	0.958	316	13	0	1	316	1	316	3.300E-234	714
C5WIJ4	Q1JFK8	0.958	316	13	0	1	316	1	316	3.300E-234	714
C5WIJ4	Q1JKL7	0.958	316	13	0	1	316	1	316	3.300E-234	714
C5WIJ4	Q48RZ0	0.958	316	13	0	1	316	1	316	3.300E-234	714
C5WIJ4	B5XML3	0.955	316	14	0	1	316	1	316	2.217E-233	712
Q929X6	Q929X6	1.000	312	0	0	1	312	1	312	7.286E-244	740
Q929X6	A0AKE1	0.974	312	8	0	1	312	1	312	4.556E-238	724
Q929X6	C1KWZ4	0.974	312	8	0	1	312	1	312	6.569E-237	721
Q929X6	B8DH88	0.974	312	8	0	1	312	1	312	9.617E-237	721
Q929X6	Q8Y5L7	0.971	312	9	0	1	312	1	312	2.061E-236	720
Q929X6	Q71XX2	0.974	312	8	0	1	312	1	312	2.061E-236	720
C4L5T9	C4L5T9	1.000	310	0	0	1	310	1	310	1.211E-243	740
Q819P8	B7IVF3	1.000	310	0	0	1	310	1	310	5.569E-243	738
Q819P8	Q819P8	1.000	310	0	0	1	310	1	310	5.569E-243	738
Q819P8	B7H6Q4	0.996	310	1	0	1	310	1	310	3.749E-242	735
Q819P8	A0RHT9	0.987	310	4	0	1	310	1	310	7.925E-241	732
Q819P8	B7JK06	0.987	310	4	0	1	310	1	310	7.925E-241	732
Q819P8	C1EPT2	0.987	310	4	0	1	310	1	310	7.925E-241	732
Q819P8	C3L6F3	0.987	310	4	0	1	310	1	310	7.925E-241	732
Q819P8	C3P688	0.987	310	4	0	1	310	1	310	7.925E-241	732
Q819P8	Q636A8	0.987	310	4	0	1	310	1	310	7.925E-241	732
Q819P8	Q81WC3	0.987	310	4	0	1	310	1	310	7.925E-241	732
Q819P8	B9IVZ5	0.983	310	5	0	1	310	1	310	1.144E-239	728
Q819P8	P62468	0.983	310	5	0	1	310	1	310	1.144E-239	728
Q819P8	Q6HEP6	0.983	310	5	0	1	310	1	310	1.675E-239	728
Q819P8	B7HM39	0.980	310	6	0	1	310	1	310	3.590E-239	727
Q819P8	A9VU80	0.970	310	9	0	1	310	1	310	3.485E-237	721
Q819P8	A7GRP4	0.945	310	17	0	1	310	1	310	7.022E-233	709
B1IKR0	B1IKR0	1.000	309	0	0	1	309	1	309	1.518E-241	733
B1IKR0	A5I1T3	0.993	309	2	0	1	309	1	309	6.979E-241	732
B1IKR0	A7FTX8	0.993	309	2	0	1	309	1	309	6.979E-241	732
B1IKR0	C3KV90	0.990	309	3	0	1	309	1	309	3.208E-240	730
B1IKR0	C1FME6	0.983	309	5	0	1	309	1	309	6.780E-239	726
B1IKR0	A7GDE2	0.987	309	4	0	1	309	1	309	6.780E-239	726
B1IKR0	B1L164	0.974	309	8	0	1	309	1	309	4.496E-237	721
Q8XJ96	Q8XJ96	1.000	310	0	0	1	310	1	310	5.490E-242	735
Q8XJ96	Q0SRV9	0.996	310	1	0	1	310	1	310	7.925E-241	732
Q8XJ96	Q0TP92	0.996	310	1	0	1	310	1	310	7.925E-241	732
B7IVF3	B7IVF3	1.000	310	0	0	1	310	1	310	5.569E-243	738
B7IVF3	Q819P8	1.000	310	0	0	1	310	1	310	5.569E-243	738
B7IVF3	B7H6Q4	0.996	310	1	0	1	310	1	310	3.749E-242	735
B7IVF3	A0RHT9	0.987	310	4	0	1	310	1	310	7.925E-241	732
B7IVF3	B7JK06	0.987	310	4	0	1	310	1	310	7.925E-241	732
B7IVF3	C1EPT2	0.987	310	4	0	1	310	1	310	7.925E-241	732
B7IVF3	C3L6F3	0.987	310	4	0	1	310	1	310	7.925E-241	732
B7IVF3	C3P688	0.987	310	4	0	1	310	1	310	7.925E-241	732
B7IVF3	Q636A8	0.987	310	4	0	1	310	1	310	7.925E-241	732
B7IVF3	Q81WC3	0.987	310	4	0	1	310	1	310	7.925E-241	732
B7IVF3	B9IVZ5	0.983	310	5	0	1	310	1	310	1.144E-239	728
B7IVF3	P62468	0.983	310	5	0	1	310	1	310	1.144E-239	728
B7IVF3	Q6HEP6	0.983	310	5	0	1	310	1	310	1.675E-239	728
B7IVF3	B7HM39	0.980	310	6	0	1	310	1	310	3.590E-239	727
B7IVF3	A9VU80	0.970	310	9	0	1	310	1	310	3.485E-237	721
B7IVF3	A7GRP4	0.945	310	17	0	1	310	1	310	7.022E-233	709
Q5XAL3	Q5XAL3	1.000	316	0	0	1	316	1	316	1.799E-244	743
Q5XAL3	A2RD40	0.993	316	2	0	1	316	1	316	2.596E-243	740
Q5XAL3	P0DC36	0.993	316	2	0	1	316	1	316	2.596E-243	740
Q5XAL3	P0DC37	0.993	316	2	0	1	316	1	316	2.596E-243	740
Q5XAL3	P65431	0.993	316	2	0	1	316	1	316	2.596E-243	740
Q5XAL3	P65433	0.993	316	2	0	1	316	1	316	2.596E-243	740
Q5XAL3	Q1JAG5	0.993	316	2	0	1	316	1	316	2.596E-243	740
Q5XAL3	Q1JFK8	0.993	316	2	0	1	316	1	316	2.596E-243	740
Q5XAL3	Q1JKL7	0.993	316	2	0	1	316	1	316	2.596E-243	740
Q5XAL3	Q48RZ0	0.993	316	2	0	1	316	1	316	2.596E-243	740
Q5XAL3	B5XML3	0.990	316	3	0	1	316	1	316	1.747E-242	737
Q5XAL3	Q1J5F8	0.981	316	6	0	1	316	1	316	5.317E-240	730
Q5XAL3	C5WIJ4	0.958	316	13	0	1	316	1	316	3.300E-234	714
A2S5V3	A1V0S6	1.000	313	0	0	1	313	1	313	1.125E-238	726
A2S5V3	A2S5V3	1.000	313	0	0	1	313	1	313	1.125E-238	726
A2S5V3	A3MR55	1.000	313	0	0	1	313	1	313	1.125E-238	726
A2S5V3	A3NDX2	1.000	313	0	0	1	313	1	313	1.125E-238	726
A2S5V3	Q3JND0	1.000	313	0	0	1	313	1	313	1.125E-238	726
A2S5V3	Q62GR9	1.000	313	0	0	1	313	1	313	1.125E-238	726
A2S5V3	A3NZM3	0.996	313	1	0	1	313	1	313	1.108E-237	723
A2S5V3	Q63QI9	0.993	313	2	0	1	313	1	313	5.090E-237	721
B7JK06	A0RHT9	1.000	310	0	0	1	310	1	310	3.803E-243	738
B7JK06	B7JK06	1.000	310	0	0	1	310	1	310	3.803E-243	738
B7JK06	C1EPT2	1.000	310	0	0	1	310	1	310	3.803E-243	738
B7JK06	C3L6F3	1.000	310	0	0	1	310	1	310	3.803E-243	738
B7JK06	C3P688	1.000	310	0	0	1	310	1	310	3.803E-243	738
B7JK06	Q636A8	1.000	310	0	0	1	310	1	310	3.803E-243	738
B7JK06	Q81WC3	1.000	310	0	0	1	310	1	310	3.803E-243	738
B7JK06	B9IVZ5	0.996	310	1	0	1	310	1	310	5.490E-242	735
B7JK06	P62468	0.996	310	1	0	1	310	1	310	5.490E-242	735
B7JK06	Q6HEP6	0.996	310	1	0	1	310	1	310	8.040E-242	734
B7JK06	B7HM39	0.993	310	2	0	1	310	1	310	1.724E-241	733
B7JK06	B7IVF3	0.987	310	4	0	1	310	1	310	7.925E-241	732
B7JK06	Q819P8	0.987	310	4	0	1	310	1	310	7.925E-241	732
B7JK06	B7H6Q4	0.983	310	5	0	1	310	1	310	5.334E-240	729
B7JK06	A9VU80	0.970	310	9	0	1	310	1	310	1.094E-236	720
B7JK06	A7GRP4	0.945	310	17	0	1	310	1	310	2.203E-232	708
A4J2A3	A4J2A3	1.000	313	0	0	1	313	1	313	3.914E-245	744
A2RLT4	A2RLT4	1.000	317	0	0	1	317	1	317	2.902E-242	737
A2RLT4	Q02ZY9	1.000	317	0	0	1	317	1	317	2.902E-242	737
A2RLT4	Q9CH73	0.971	317	9	0	1	317	1	317	5.658E-236	719
A5I1T3	A5I1T3	1.000	309	0	0	1	309	1	309	1.518E-241	733
A5I1T3	A7FTX8	1.000	309	0	0	1	309	1	309	1.518E-241	733
A5I1T3	C3KV90	0.996	309	1	0	1	309	1	309	6.979E-241	732
A5I1T3	B1IKR0	0.993	309	2	0	1	309	1	309	6.979E-241	732
A5I1T3	C1FME6	0.990	309	3	0	1	309	1	309	1.475E-239	728
A5I1T3	A7GDE2	0.980	309	6	0	1	309	1	309	3.116E-238	724
A5I1T3	B1L164	0.980	309	6	0	1	309	1	309	9.782E-238	723
B5XML3	B5XML3	1.000	316	0	0	1	316	1	316	1.229E-244	743
B5XML3	A2RD40	0.996	316	1	0	1	316	1	316	5.649E-244	741
B5XML3	P0DC36	0.996	316	1	0	1	316	1	316	5.649E-244	741
B5XML3	P0DC37	0.996	316	1	0	1	316	1	316	5.649E-244	741
B5XML3	P65431	0.996	316	1	0	1	316	1	316	5.649E-244	741
B5XML3	P65433	0.996	316	1	0	1	316	1	316	5.649E-244	741
B5XML3	Q1JAG5	0.996	316	1	0	1	316	1	316	5.649E-244	741
B5XML3	Q1JFK8	0.996	316	1	0	1	316	1	316	5.649E-244	741
B5XML3	Q1JKL7	0.996	316	1	0	1	316	1	316	5.649E-244	741
B5XML3	Q48RZ0	0.996	316	1	0	1	316	1	316	5.649E-244	741
B5XML3	Q5XAL3	0.990	316	3	0	1	316	1	316	1.747E-242	737
B5XML3	Q1J5F8	0.984	316	5	0	1	316	1	316	1.157E-240	732
B5XML3	C5WIJ4	0.955	316	14	0	1	316	1	316	2.217E-233	712
A8ALL4	A8ALL4	1.000	314	0	0	1	314	1	314	9.124E-242	735
A8ALL4	B4SU42	0.980	313	6	0	2	314	1	313	3.882E-236	719
A8ALL4	A9MQD1	0.977	313	7	0	2	314	1	313	1.783E-235	717
A8ALL4	B4TJ79	0.977	313	7	0	2	314	1	313	1.783E-235	717
A8ALL4	B4TXH0	0.977	313	7	0	2	314	1	313	1.783E-235	717
A8ALL4	B5F7V6	0.977	313	7	0	2	314	1	313	1.783E-235	717
A8ALL4	B5FI64	0.977	313	7	0	2	314	1	313	1.783E-235	717
A8ALL4	B5R2L6	0.977	313	7	0	2	314	1	313	1.783E-235	717
A8ALL4	B5RH56	0.977	313	7	0	2	314	1	313	1.783E-235	717
A8ALL4	C0Q5H8	0.977	313	7	0	2	314	1	313	1.783E-235	717
A8ALL4	Q8ZRU8	0.977	313	7	0	2	314	1	313	1.783E-235	717
A8ALL4	A9MZL1	0.974	313	8	0	2	314	1	313	2.610E-235	717
A8ALL4	B5BLG4	0.977	313	7	0	2	314	1	313	2.610E-235	717
A8ALL4	Q5PDH4	0.977	313	7	0	2	314	1	313	2.610E-235	717
A8ALL4	Q8Z9H4	0.971	313	9	0	2	314	1	313	2.527E-233	711
A8ALL4	Q57TD8	0.971	312	9	0	3	314	1	312	5.414E-233	710
A9MZL1	A9MZL1	1.000	313	0	0	1	313	1	313	5.409E-241	733
A9MZL1	B4TJ79	0.996	313	1	0	1	313	1	313	7.919E-241	732
A9MZL1	B4TXH0	0.996	313	1	0	1	313	1	313	7.919E-241	732
A9MZL1	B5F7V6	0.996	313	1	0	1	313	1	313	7.919E-241	732
A9MZL1	B5FI64	0.996	313	1	0	1	313	1	313	7.919E-241	732
A9MZL1	B5R2L6	0.996	313	1	0	1	313	1	313	7.919E-241	732
A9MZL1	B5RH56	0.996	313	1	0	1	313	1	313	7.919E-241	732
A9MZL1	C0Q5H8	0.996	313	1	0	1	313	1	313	7.919E-241	732
A9MZL1	Q8ZRU8	0.996	313	1	0	1	313	1	313	7.919E-241	732
A9MZL1	B4SU42	0.993	313	2	0	1	313	1	313	5.329E-240	730
A9MZL1	A9MQD1	0.990	313	3	0	1	313	1	313	2.449E-239	728
A9MZL1	B5BLG4	0.990	313	3	0	1	313	1	313	3.585E-239	727
A9MZL1	Q5PDH4	0.990	313	3	0	1	313	1	313	3.585E-239	727
A9MZL1	Q8Z9H4	0.990	313	3	0	1	313	1	313	1.125E-238	726
A9MZL1	Q57TD8	0.990	312	3	0	2	313	1	312	2.412E-238	725
A9MZL1	A8ALL4	0.974	313	8	0	1	313	2	314	2.302E-235	717
Q1JAG5	A2RD40	1.000	316	0	0	1	316	1	316	8.393E-245	744
Q1JAG5	P0DC36	1.000	316	0	0	1	316	1	316	8.393E-245	744
Q1JAG5	P0DC37	1.000	316	0	0	1	316	1	316	8.393E-245	744
Q1JAG5	P65431	1.000	316	0	0	1	316	1	316	8.393E-245	744
Q1JAG5	P65433	1.000	316	0	0	1	316	1	316	8.393E-245	744
Q1JAG5	Q1JAG5	1.000	316	0	0	1	316	1	316	8.393E-245	744
Q1JAG5	Q1JFK8	1.000	316	0	0	1	316	1	316	8.393E-245	744
Q1JAG5	Q1JKL7	1.000	316	0	0	1	316	1	316	8.393E-245	744
Q1JAG5	Q48RZ0	1.000	316	0	0	1	316	1	316	8.393E-245	744
Q1JAG5	B5XML3	0.996	316	1	0	1	316	1	316	5.649E-244	741
Q1JAG5	Q5XAL3	0.993	316	2	0	1	316	1	316	2.596E-243	740
Q1JAG5	Q1J5F8	0.987	316	4	0	1	316	1	316	1.721E-241	734
Q1JAG5	C5WIJ4	0.958	316	13	0	1	316	1	316	3.300E-234	714
B4TJ79	B4TJ79	1.000	313	0	0	1	313	1	313	5.409E-241	733
B4TJ79	B4TXH0	1.000	313	0	0	1	313	1	313	5.409E-241	733
B4TJ79	B5F7V6	1.000	313	0	0	1	313	1	313	5.409E-241	733
B4TJ79	B5FI64	1.000	313	0	0	1	313	1	313	5.409E-241	733
B4TJ79	B5R2L6	1.000	313	0	0	1	313	1	313	5.409E-241	733
B4TJ79	B5RH56	1.000	313	0	0	1	313	1	313	5.409E-241	733
B4TJ79	C0Q5H8	1.000	313	0	0	1	313	1	313	5.409E-241	733
B4TJ79	Q8ZRU8	1.000	313	0	0	1	313	1	313	5.409E-241	733
B4TJ79	A9MZL1	0.996	313	1	0	1	313	1	313	7.919E-241	732
B4TJ79	B4SU42	0.996	313	1	0	1	313	1	313	3.639E-240	730
B4TJ79	A9MQD1	0.993	313	2	0	1	313	1	313	1.672E-239	728
B4TJ79	B5BLG4	0.993	313	2	0	1	313	1	313	2.449E-239	728
B4TJ79	Q5PDH4	0.993	313	2	0	1	313	1	313	2.449E-239	728
B4TJ79	Q8Z9H4	0.993	313	2	0	1	313	1	313	7.685E-239	727
B4TJ79	Q57TD8	0.993	312	2	0	2	313	1	312	1.647E-238	726
B4TJ79	A8ALL4	0.977	313	7	0	1	313	2	314	1.572E-235	717
A3NDX2	A1V0S6	1.000	313	0	0	1	313	1	313	1.125E-238	726
A3NDX2	A2S5V3	1.000	313	0	0	1	313	1	313	1.125E-238	726
A3NDX2	A3MR55	1.000	313	0	0	1	313	1	313	1.125E-238	726
A3NDX2	A3NDX2	1.000	313	0	0	1	313	1	313	1.125E-238	726
A3NDX2	Q3JND0	1.000	313	0	0	1	313	1	313	1.125E-238	726
A3NDX2	Q62GR9	1.000	313	0	0	1	313	1	313	1.125E-238	726
A3NDX2	A3NZM3	0.996	313	1	0	1	313	1	313	1.108E-237	723
A3NDX2	Q63QI9	0.993	313	2	0	1	313	1	313	5.090E-237	721
C6D563	C6D563	1.000	316	0	0	1	316	1	316	4.145E-249	756
C1CPL0	C1CPL0	1.000	316	0	0	1	316	1	316	1.265E-246	749
C1CPL0	B1I953	0.990	316	3	0	1	316	1	316	8.393E-245	744
C1CPL0	B5E6Z2	0.990	316	3	0	1	316	1	316	1.799E-244	743
C1CPL0	C1CIJ8	0.990	316	3	0	1	316	1	316	1.799E-244	743
C1CPL0	C1CBB2	0.987	316	4	0	1	316	1	316	2.596E-243	740
C1CPL0	C1CCA8	0.984	316	5	0	1	316	1	316	3.801E-243	739
C1CPL0	P59658	0.984	316	5	0	1	316	1	316	3.801E-243	739
C1CPL0	Q04MC7	0.984	316	5	0	1	316	1	316	3.801E-243	739
C1CPL0	B2ISQ2	0.981	316	6	0	1	316	1	316	5.482E-242	736
C1CPL0	B8ZL51	0.981	316	6	0	1	316	1	316	5.482E-242	736
C1CPL0	P0CB58	0.981	316	6	0	1	316	1	316	2.519E-241	734
B0S0Y9	B0S0Y9	1.000	312	0	0	1	312	1	312	1.675E-248	753
B5F7V6	B4TJ79	1.000	313	0	0	1	313	1	313	5.409E-241	733
B5F7V6	B4TXH0	1.000	313	0	0	1	313	1	313	5.409E-241	733
B5F7V6	B5F7V6	1.000	313	0	0	1	313	1	313	5.409E-241	733
B5F7V6	B5FI64	1.000	313	0	0	1	313	1	313	5.409E-241	733
B5F7V6	B5R2L6	1.000	313	0	0	1	313	1	313	5.409E-241	733
B5F7V6	B5RH56	1.000	313	0	0	1	313	1	313	5.409E-241	733
B5F7V6	C0Q5H8	1.000	313	0	0	1	313	1	313	5.409E-241	733
B5F7V6	Q8ZRU8	1.000	313	0	0	1	313	1	313	5.409E-241	733
B5F7V6	A9MZL1	0.996	313	1	0	1	313	1	313	7.919E-241	732
B5F7V6	B4SU42	0.996	313	1	0	1	313	1	313	3.639E-240	730
B5F7V6	A9MQD1	0.993	313	2	0	1	313	1	313	1.672E-239	728
B5F7V6	B5BLG4	0.993	313	2	0	1	313	1	313	2.449E-239	728
B5F7V6	Q5PDH4	0.993	313	2	0	1	313	1	313	2.449E-239	728
B5F7V6	Q8Z9H4	0.993	313	2	0	1	313	1	313	7.685E-239	727
B5F7V6	Q57TD8	0.993	312	2	0	2	313	1	312	1.647E-238	726
B5F7V6	A8ALL4	0.977	313	7	0	1	313	2	314	1.572E-235	717
A3MR55	A1V0S6	1.000	313	0	0	1	313	1	313	1.125E-238	726
A3MR55	A2S5V3	1.000	313	0	0	1	313	1	313	1.125E-238	726
A3MR55	A3MR55	1.000	313	0	0	1	313	1	313	1.125E-238	726
A3MR55	A3NDX2	1.000	313	0	0	1	313	1	313	1.125E-238	726
A3MR55	Q3JND0	1.000	313	0	0	1	313	1	313	1.125E-238	726
A3MR55	Q62GR9	1.000	313	0	0	1	313	1	313	1.125E-238	726
A3MR55	A3NZM3	0.996	313	1	0	1	313	1	313	1.108E-237	723
A3MR55	Q63QI9	0.993	313	2	0	1	313	1	313	5.090E-237	721
Q1I5B0	Q1I5B0	1.000	315	0	0	1	315	1	315	7.073E-242	735
Q1I5B0	B1J1Y2	0.977	315	7	0	1	315	1	315	6.444E-236	719
Q1I5B0	A5W8Q8	0.974	315	8	0	1	315	1	315	1.381E-235	718
Q1I5B0	Q88N84	0.971	315	9	0	1	315	1	315	2.021E-235	717
Q1I5B0	B0KFT4	0.974	315	8	0	1	315	1	315	4.332E-235	716
Q1I5B0	Q4K6I5	0.907	315	29	0	1	315	1	315	1.553E-220	676
Q04B77	Q04B77	1.000	314	0	0	1	314	1	314	6.324E-243	738
Q04B77	Q1GAU0	1.000	314	0	0	1	314	1	314	6.324E-243	738
C0M7A8	C0M7A8	1.000	316	0	0	1	316	1	316	2.674E-245	745
C0M7A8	B4U4K4	0.996	316	1	0	1	316	1	316	1.229E-244	743
C0M7A8	C0MGV8	0.993	316	2	0	1	316	1	316	5.649E-244	741
A5GWA2	A5GWA2	1.000	299	0	0	1	299	1	299	2.519E-232	706
B7GGJ0	B7GGJ0	1.000	313	0	0	1	313	1	313	1.264E-246	748
A8AVS9	A8AVS9	1.000	316	0	0	1	316	1	316	1.283E-247	752
Q636A8	A0RHT9	1.000	310	0	0	1	310	1	310	3.803E-243	738
Q636A8	B7JK06	1.000	310	0	0	1	310	1	310	3.803E-243	738
Q636A8	C1EPT2	1.000	310	0	0	1	310	1	310	3.803E-243	738
Q636A8	C3L6F3	1.000	310	0	0	1	310	1	310	3.803E-243	738
Q636A8	C3P688	1.000	310	0	0	1	310	1	310	3.803E-243	738
Q636A8	Q636A8	1.000	310	0	0	1	310	1	310	3.803E-243	738
Q636A8	Q81WC3	1.000	310	0	0	1	310	1	310	3.803E-243	738
Q636A8	B9IVZ5	0.996	310	1	0	1	310	1	310	5.490E-242	735
Q636A8	P62468	0.996	310	1	0	1	310	1	310	5.490E-242	735
Q636A8	Q6HEP6	0.996	310	1	0	1	310	1	310	8.040E-242	734
Q636A8	B7HM39	0.993	310	2	0	1	310	1	310	1.724E-241	733
Q636A8	B7IVF3	0.987	310	4	0	1	310	1	310	7.925E-241	732
Q636A8	Q819P8	0.987	310	4	0	1	310	1	310	7.925E-241	732
Q636A8	B7H6Q4	0.983	310	5	0	1	310	1	310	5.334E-240	729
Q636A8	A9VU80	0.970	310	9	0	1	310	1	310	1.094E-236	720
Q636A8	A7GRP4	0.945	310	17	0	1	310	1	310	2.203E-232	708
A2CD93	A2CD93	1.000	310	0	0	1	310	1	310	5.179E-238	724
A2CD93	Q7V4B2	0.974	310	8	0	1	310	1	310	9.955E-231	703
P0CB58	P0CB58	1.000	316	0	0	1	316	1	316	5.900E-247	750
P0CB58	C1CBB2	0.993	316	2	0	1	316	1	316	2.635E-244	742
P0CB58	B2ISQ2	0.993	316	2	0	1	316	1	316	2.635E-244	742
P0CB58	B8ZL51	0.993	316	2	0	1	316	1	316	2.635E-244	742
P0CB58	B5E6Z2	0.990	316	3	0	1	316	1	316	1.773E-243	740
P0CB58	C1CIJ8	0.990	316	3	0	1	316	1	316	1.773E-243	740
P0CB58	C1CCA8	0.990	316	3	0	1	316	1	316	1.773E-243	740
P0CB58	P59658	0.990	316	3	0	1	316	1	316	1.773E-243	740
P0CB58	Q04MC7	0.990	316	3	0	1	316	1	316	1.773E-243	740
P0CB58	C1CPL0	0.981	316	6	0	1	316	1	316	2.519E-241	734
P0CB58	B1I953	0.977	316	7	0	1	316	1	316	1.694E-240	732
Q8Y5L7	Q8Y5L7	1.000	312	0	0	1	312	1	312	2.288E-243	739
Q8Y5L7	B8DH88	0.996	312	1	0	1	312	1	312	4.905E-243	738
Q8Y5L7	Q71XX2	0.993	312	2	0	1	312	1	312	4.835E-242	735
Q8Y5L7	C1KWZ4	0.990	312	3	0	1	312	1	312	3.254E-241	733
Q8Y5L7	A0AKE1	0.977	312	7	0	1	312	1	312	6.670E-238	724
Q8Y5L7	Q929X6	0.971	312	9	0	1	312	1	312	2.061E-236	720
B9MQ93	B9MQ93	1.000	307	0	0	1	307	1	307	5.109E-237	721
Q3JND0	A1V0S6	1.000	313	0	0	1	313	1	313	1.125E-238	726
Q3JND0	A2S5V3	1.000	313	0	0	1	313	1	313	1.125E-238	726
Q3JND0	A3MR55	1.000	313	0	0	1	313	1	313	1.125E-238	726
Q3JND0	A3NDX2	1.000	313	0	0	1	313	1	313	1.125E-238	726
Q3JND0	Q3JND0	1.000	313	0	0	1	313	1	313	1.125E-238	726
Q3JND0	Q62GR9	1.000	313	0	0	1	313	1	313	1.125E-238	726
Q3JND0	A3NZM3	0.996	313	1	0	1	313	1	313	1.108E-237	723
Q3JND0	Q63QI9	0.993	313	2	0	1	313	1	313	5.090E-237	721
A3NZM3	A3NZM3	1.000	313	0	0	1	313	1	313	1.647E-238	726
A3NZM3	A1V0S6	0.996	313	1	0	1	313	1	313	1.108E-237	723
A3NZM3	A2S5V3	0.996	313	1	0	1	313	1	313	1.108E-237	723
A3NZM3	A3MR55	0.996	313	1	0	1	313	1	313	1.108E-237	723
A3NZM3	A3NDX2	0.996	313	1	0	1	313	1	313	1.108E-237	723
A3NZM3	Q3JND0	0.996	313	1	0	1	313	1	313	1.108E-237	723
A3NZM3	Q62GR9	0.996	313	1	0	1	313	1	313	1.108E-237	723
A3NZM3	Q63QI9	0.990	313	3	0	1	313	1	313	5.011E-236	719
C3KCS2	C3KCS2	1.000	315	0	0	1	315	1	315	4.758E-241	733
C3KCS2	Q4K6I5	0.958	315	13	0	1	315	1	315	1.337E-233	712
C3KCS2	B1J1Y2	0.907	315	29	0	1	315	1	315	1.583E-221	678
C3KCS2	B0KFT4	0.911	315	28	0	1	315	1	315	4.957E-221	677
C3KCS2	Q88N84	0.911	315	28	0	1	315	1	315	2.272E-220	675
C3KCS2	A5W8Q8	0.907	315	29	0	1	315	1	315	3.324E-220	675
B2ISQ2	B2ISQ2	1.000	316	0	0	1	316	1	316	1.852E-246	748
B2ISQ2	B8ZL51	1.000	316	0	0	1	316	1	316	1.852E-246	748
B2ISQ2	C1CBB2	0.993	316	2	0	1	316	1	316	5.732E-245	744
B2ISQ2	P0CB58	0.993	316	2	0	1	316	1	316	2.635E-244	742
B2ISQ2	B5E6Z2	0.990	316	3	0	1	316	1	316	3.858E-244	742
B2ISQ2	C1CIJ8	0.990	316	3	0	1	316	1	316	3.858E-244	742
B2ISQ2	C1CCA8	0.990	316	3	0	1	316	1	316	3.858E-244	742
B2ISQ2	P59658	0.990	316	3	0	1	316	1	316	3.858E-244	742
B2ISQ2	Q04MC7	0.990	316	3	0	1	316	1	316	3.858E-244	742
B2ISQ2	C1CPL0	0.981	316	6	0	1	316	1	316	5.482E-242	736
B2ISQ2	B1I953	0.977	316	7	0	1	316	1	316	3.688E-241	733
A9WG80	A9WG80	1.000	301	0	0	1	301	1	301	2.090E-228	696
A9WG80	B9LKK0	1.000	301	0	0	1	301	1	301	2.090E-228	696
A5W8Q8	A5W8Q8	1.000	315	0	0	1	315	1	315	7.073E-242	735
A5W8Q8	Q88N84	0.996	315	1	0	1	315	1	315	1.036E-241	735
A5W8Q8	B0KFT4	0.993	315	2	0	1	315	1	315	6.861E-240	730
A5W8Q8	B1J1Y2	0.987	315	4	0	1	315	1	315	9.891E-239	727
A5W8Q8	Q1I5B0	0.974	315	8	0	1	315	1	315	1.381E-235	718
A5W8Q8	Q4K6I5	0.917	315	26	0	1	315	1	315	5.052E-222	680
A5W8Q8	C3KCS2	0.907	315	29	0	1	315	1	315	3.324E-220	675
B0TQM9	B0TQM9	1.000	315	0	0	1	315	1	315	2.321E-244	742
B0TQM9	A8H992	0.961	315	12	0	1	315	1	315	9.585E-237	721
B0TQM9	B8CM48	0.952	314	15	0	1	314	1	314	1.957E-233	712
C3LQV4	C3LQV4	1.000	316	0	0	1	316	1	316	1.247E-245	746
C3LQV4	Q9KPF9	1.000	316	0	0	1	316	1	316	1.247E-245	746
B0BYK8	B0BYK8	1.000	298	0	0	1	298	1	298	2.156E-230	701
B2GB73	B2GB73	1.000	314	0	0	1	314	1	314	9.396E-244	740
Q8Z9H4	Q8Z9H4	1.000	313	0	0	1	313	1	313	5.409E-241	733
Q8Z9H4	B4TJ79	0.993	313	2	0	1	313	1	313	7.685E-239	727
Q8Z9H4	B4TXH0	0.993	313	2	0	1	313	1	313	7.685E-239	727
Q8Z9H4	B5F7V6	0.993	313	2	0	1	313	1	313	7.685E-239	727
Q8Z9H4	B5FI64	0.993	313	2	0	1	313	1	313	7.685E-239	727
Q8Z9H4	B5R2L6	0.993	313	2	0	1	313	1	313	7.685E-239	727
Q8Z9H4	B5RH56	0.993	313	2	0	1	313	1	313	7.685E-239	727
Q8Z9H4	C0Q5H8	0.993	313	2	0	1	313	1	313	7.685E-239	727
Q8Z9H4	Q8ZRU8	0.993	313	2	0	1	313	1	313	7.685E-239	727
Q8Z9H4	A9MZL1	0.990	313	3	0	1	313	1	313	1.125E-238	726
Q8Z9H4	B4SU42	0.990	313	3	0	1	313	1	313	5.169E-238	724
Q8Z9H4	A9MQD1	0.987	313	4	0	1	313	1	313	2.375E-237	722
Q8Z9H4	B5BLG4	0.987	313	4	0	1	313	1	313	3.477E-237	722
Q8Z9H4	Q5PDH4	0.987	313	4	0	1	313	1	313	3.477E-237	722
Q8Z9H4	Q57TD8	0.987	312	4	0	2	313	1	312	2.338E-236	720
Q8Z9H4	A8ALL4	0.971	313	9	0	1	313	2	314	2.229E-233	711
C6GPU1	A4VX71	1.000	316	0	0	1	316	1	316	4.029E-247	750
C6GPU1	A4W3H4	1.000	316	0	0	1	316	1	316	4.029E-247	750
C6GPU1	C5VZR6	1.000	316	0	0	1	316	1	316	4.029E-247	750
C6GPU1	C6GPU1	1.000	316	0	0	1	316	1	316	4.029E-247	750
C6GPU1	C6GW75	1.000	316	0	0	1	316	1	316	4.029E-247	750
A4W3H4	A4VX71	1.000	316	0	0	1	316	1	316	4.029E-247	750
A4W3H4	A4W3H4	1.000	316	0	0	1	316	1	316	4.029E-247	750
A4W3H4	C5VZR6	1.000	316	0	0	1	316	1	316	4.029E-247	750
A4W3H4	C6GPU1	1.000	316	0	0	1	316	1	316	4.029E-247	750
A4W3H4	C6GW75	1.000	316	0	0	1	316	1	316	4.029E-247	750
Q03QH0	Q03QH0	1.000	314	0	0	1	314	1	314	2.133E-247	751
B9LKK0	A9WG80	1.000	301	0	0	1	301	1	301	2.090E-228	696
B9LKK0	B9LKK0	1.000	301	0	0	1	301	1	301	2.090E-228	696
A8H992	A8H992	1.000	315	0	0	1	315	1	315	7.285E-244	741
A8H992	B0TQM9	0.961	315	12	0	1	315	1	315	9.585E-237	721
A8H992	B8CM48	0.936	314	20	0	1	314	1	314	8.537E-230	702
A8YUN6	A8YUN6	1.000	315	0	0	1	315	1	315	1.631E-246	748
A8YUN6	Q5FKV7	0.923	315	24	0	1	315	1	315	2.770E-231	706
Q042P4	Q042P4	1.000	315	0	0	1	315	1	315	1.631E-246	748
Q042P4	P62471	0.965	315	11	0	1	315	1	315	2.153E-239	728
A5VJ28	A5VJ28	1.000	318	0	0	1	318	1	318	1.114E-246	749
A5VJ28	B2G6K1	1.000	318	0	0	1	318	1	318	1.114E-246	749
Q8E1R8	Q3K394	1.000	315	0	0	1	315	1	315	1.082E-244	743
Q8E1R8	Q8E1R8	1.000	315	0	0	1	315	1	315	1.082E-244	743
Q8E1R8	Q8E782	0.996	315	1	0	1	315	1	315	1.067E-243	740
B5FI64	B4TJ79	1.000	313	0	0	1	313	1	313	5.409E-241	733
B5FI64	B4TXH0	1.000	313	0	0	1	313	1	313	5.409E-241	733
B5FI64	B5F7V6	1.000	313	0	0	1	313	1	313	5.409E-241	733
B5FI64	B5FI64	1.000	313	0	0	1	313	1	313	5.409E-241	733
B5FI64	B5R2L6	1.000	313	0	0	1	313	1	313	5.409E-241	733
B5FI64	B5RH56	1.000	313	0	0	1	313	1	313	5.409E-241	733
B5FI64	C0Q5H8	1.000	313	0	0	1	313	1	313	5.409E-241	733
B5FI64	Q8ZRU8	1.000	313	0	0	1	313	1	313	5.409E-241	733
B5FI64	A9MZL1	0.996	313	1	0	1	313	1	313	7.919E-241	732
B5FI64	B4SU42	0.996	313	1	0	1	313	1	313	3.639E-240	730
B5FI64	A9MQD1	0.993	313	2	0	1	313	1	313	1.672E-239	728
B5FI64	B5BLG4	0.993	313	2	0	1	313	1	313	2.449E-239	728
B5FI64	Q5PDH4	0.993	313	2	0	1	313	1	313	2.449E-239	728
B5FI64	Q8Z9H4	0.993	313	2	0	1	313	1	313	7.685E-239	727
B5FI64	Q57TD8	0.993	312	2	0	2	313	1	312	1.647E-238	726
B5FI64	A8ALL4	0.977	313	7	0	1	313	2	314	1.572E-235	717
Q7MNV9	Q7MNV9	1.000	316	0	0	1	316	1	316	2.713E-246	748
Q7MNV9	Q8DEK2	1.000	316	0	0	1	316	1	316	2.713E-246	748
Q7MNV9	Q9AJH1	0.927	316	23	0	1	316	1	316	2.035E-228	698
Q7MNV9	A7MWK7	0.920	316	25	0	1	316	1	316	2.926E-227	695
B1J1Y2	B1J1Y2	1.000	315	0	0	1	315	1	315	2.220E-241	734
B1J1Y2	A5W8Q8	0.987	315	4	0	1	315	1	315	9.891E-239	727
B1J1Y2	Q88N84	0.984	315	5	0	1	315	1	315	1.448E-238	726
B1J1Y2	B0KFT4	0.987	315	4	0	1	315	1	315	1.448E-238	726
B1J1Y2	Q1I5B0	0.977	315	7	0	1	315	1	315	6.444E-236	719
B1J1Y2	Q4K6I5	0.917	315	26	0	1	315	1	315	2.404E-223	684
B1J1Y2	C3KCS2	0.907	315	29	0	1	315	1	315	1.583E-221	678
A5G8K8	A5G8K8	1.000	312	0	0	1	312	1	312	1.037E-241	734
A4VX71	A4VX71	1.000	316	0	0	1	316	1	316	4.029E-247	750
A4VX71	A4W3H4	1.000	316	0	0	1	316	1	316	4.029E-247	750
A4VX71	C5VZR6	1.000	316	0	0	1	316	1	316	4.029E-247	750
A4VX71	C6GPU1	1.000	316	0	0	1	316	1	316	4.029E-247	750
A4VX71	C6GW75	1.000	316	0	0	1	316	1	316	4.029E-247	750
C5VZR6	A4VX71	1.000	316	0	0	1	316	1	316	4.029E-247	750
C5VZR6	A4W3H4	1.000	316	0	0	1	316	1	316	4.029E-247	750
C5VZR6	C5VZR6	1.000	316	0	0	1	316	1	316	4.029E-247	750
C5VZR6	C6GPU1	1.000	316	0	0	1	316	1	316	4.029E-247	750
C5VZR6	C6GW75	1.000	316	0	0	1	316	1	316	4.029E-247	750
Q57TD8	Q57TD8	1.000	312	0	0	1	312	1	312	1.022E-240	732
Q57TD8	B4TJ79	0.993	312	2	0	1	312	2	313	1.452E-238	726
Q57TD8	B4TXH0	0.993	312	2	0	1	312	2	313	1.452E-238	726
Q57TD8	B5F7V6	0.993	312	2	0	1	312	2	313	1.452E-238	726
Q57TD8	B5FI64	0.993	312	2	0	1	312	2	313	1.452E-238	726
Q57TD8	B5R2L6	0.993	312	2	0	1	312	2	313	1.452E-238	726
Q57TD8	B5RH56	0.993	312	2	0	1	312	2	313	1.452E-238	726
Q57TD8	C0Q5H8	0.993	312	2	0	1	312	2	313	1.452E-238	726
Q57TD8	Q8ZRU8	0.993	312	2	0	1	312	2	313	1.452E-238	726
Q57TD8	A9MZL1	0.990	312	3	0	1	312	2	313	2.125E-238	725
Q57TD8	B4SU42	0.990	312	3	0	1	312	2	313	9.766E-238	723
Q57TD8	A9MQD1	0.987	312	4	0	1	312	2	313	4.487E-237	721
Q57TD8	B5BLG4	0.987	312	4	0	1	312	2	313	6.569E-237	721
Q57TD8	Q5PDH4	0.987	312	4	0	1	312	2	313	6.569E-237	721
Q57TD8	Q8Z9H4	0.987	312	4	0	1	312	2	313	2.061E-236	720
Q57TD8	A8ALL4	0.971	312	9	0	1	312	3	314	4.213E-233	710
A0L5N9	A0L5N9	1.000	313	0	0	1	313	1	313	1.160E-240	732
Q1D0S2	Q1D0S2	1.000	304	0	0	1	304	1	304	1.034E-232	708
C4Z530	C4Z530	1.000	315	0	0	1	315	1	315	5.268E-248	752
Q5L0Y4	Q5L0Y4	1.000	310	0	0	1	310	1	310	8.154E-243	737
Q5L0Y4	A4IM00	0.919	309	25	0	1	309	1	309	8.844E-224	684
A9KM86	A9KM86	1.000	317	0	0	1	317	1	317	4.775E-250	758
Q65JY8	Q65JY8	1.000	312	0	0	1	312	1	312	7.286E-244	740
A8MH28	A8MH28	1.000	311	0	0	1	311	1	311	6.505E-245	743
Q07876	Q07876	1.000	311	0	0	1	311	1	311	2.908E-242	736
Q07876	A7Z4D7	0.938	311	19	0	1	311	1	311	1.073E-227	695
C6DZJ8	C6DZJ8	1.000	312	0	0	1	312	1	312	3.254E-241	733
C6DZJ8	B5EBP3	0.964	312	11	0	1	312	1	312	1.386E-235	717
Q5M2U6	Q5M2U6	1.000	316	0	0	1	316	1	316	2.635E-244	742
Q5M2U6	Q03J09	0.993	316	2	0	1	316	1	316	8.148E-243	738
Q5M2U6	Q5LY91	0.993	316	2	0	1	316	1	316	8.148E-243	738
Q2NIH4	Q2NIH4	1.000	303	0	0	1	303	1	303	2.901E-233	709
B2VD83	B2VD83	1.000	313	0	0	1	313	1	313	1.177E-241	734
B2V4W0	B2V4W0	1.000	310	0	0	1	310	1	310	5.726E-245	743
B2V4W0	B2TS30	0.996	310	1	0	1	310	1	310	8.385E-245	743
B8ZL51	B2ISQ2	1.000	316	0	0	1	316	1	316	1.852E-246	748
B8ZL51	B8ZL51	1.000	316	0	0	1	316	1	316	1.852E-246	748
B8ZL51	C1CBB2	0.993	316	2	0	1	316	1	316	5.732E-245	744
B8ZL51	P0CB58	0.993	316	2	0	1	316	1	316	2.635E-244	742
B8ZL51	B5E6Z2	0.990	316	3	0	1	316	1	316	3.858E-244	742
B8ZL51	C1CIJ8	0.990	316	3	0	1	316	1	316	3.858E-244	742
B8ZL51	C1CCA8	0.990	316	3	0	1	316	1	316	3.858E-244	742
B8ZL51	P59658	0.990	316	3	0	1	316	1	316	3.858E-244	742
B8ZL51	Q04MC7	0.990	316	3	0	1	316	1	316	3.858E-244	742
B8ZL51	C1CPL0	0.981	316	6	0	1	316	1	316	5.482E-242	736
B8ZL51	B1I953	0.977	316	7	0	1	316	1	316	3.688E-241	733
B7H6Q4	B7H6Q4	1.000	310	0	0	1	310	1	310	5.569E-243	738
B7H6Q4	B7IVF3	0.996	310	1	0	1	310	1	310	3.749E-242	735
B7H6Q4	Q819P8	0.996	310	1	0	1	310	1	310	3.749E-242	735
B7H6Q4	A0RHT9	0.983	310	5	0	1	310	1	310	5.334E-240	729
B7H6Q4	B7JK06	0.983	310	5	0	1	310	1	310	5.334E-240	729
B7H6Q4	C1EPT2	0.983	310	5	0	1	310	1	310	5.334E-240	729
B7H6Q4	C3L6F3	0.983	310	5	0	1	310	1	310	5.334E-240	729
B7H6Q4	C3P688	0.983	310	5	0	1	310	1	310	5.334E-240	729
B7H6Q4	Q636A8	0.983	310	5	0	1	310	1	310	5.334E-240	729
B7H6Q4	Q81WC3	0.983	310	5	0	1	310	1	310	5.334E-240	729
B7H6Q4	B9IVZ5	0.980	310	6	0	1	310	1	310	7.697E-239	726
B7H6Q4	P62468	0.980	310	6	0	1	310	1	310	7.697E-239	726
B7H6Q4	Q6HEP6	0.980	310	6	0	1	310	1	310	1.127E-238	726
B7H6Q4	B7HM39	0.977	310	7	0	1	310	1	310	2.416E-238	725
B7H6Q4	A9VU80	0.967	310	10	0	1	310	1	310	2.344E-236	719
B7H6Q4	A7GRP4	0.941	310	18	0	1	310	1	310	4.721E-232	707
B5RH56	B4TJ79	1.000	313	0	0	1	313	1	313	5.409E-241	733
B5RH56	B4TXH0	1.000	313	0	0	1	313	1	313	5.409E-241	733
B5RH56	B5F7V6	1.000	313	0	0	1	313	1	313	5.409E-241	733
B5RH56	B5FI64	1.000	313	0	0	1	313	1	313	5.409E-241	733
B5RH56	B5R2L6	1.000	313	0	0	1	313	1	313	5.409E-241	733
B5RH56	B5RH56	1.000	313	0	0	1	313	1	313	5.409E-241	733
B5RH56	C0Q5H8	1.000	313	0	0	1	313	1	313	5.409E-241	733
B5RH56	Q8ZRU8	1.000	313	0	0	1	313	1	313	5.409E-241	733
B5RH56	A9MZL1	0.996	313	1	0	1	313	1	313	7.919E-241	732
B5RH56	B4SU42	0.996	313	1	0	1	313	1	313	3.639E-240	730
B5RH56	A9MQD1	0.993	313	2	0	1	313	1	313	1.672E-239	728
B5RH56	B5BLG4	0.993	313	2	0	1	313	1	313	2.449E-239	728
B5RH56	Q5PDH4	0.993	313	2	0	1	313	1	313	2.449E-239	728
B5RH56	Q8Z9H4	0.993	313	2	0	1	313	1	313	7.685E-239	727
B5RH56	Q57TD8	0.993	312	2	0	2	313	1	312	1.647E-238	726
B5RH56	A8ALL4	0.977	313	7	0	1	313	2	314	1.572E-235	717
C1CIJ8	B5E6Z2	1.000	316	0	0	1	316	1	316	1.265E-246	749
C1CIJ8	C1CIJ8	1.000	316	0	0	1	316	1	316	1.265E-246	749
C1CIJ8	C1CBB2	0.996	316	1	0	1	316	1	316	1.826E-245	746
C1CIJ8	C1CCA8	0.993	316	2	0	1	316	1	316	2.674E-245	745
C1CIJ8	P59658	0.993	316	2	0	1	316	1	316	2.674E-245	745
C1CIJ8	Q04MC7	0.993	316	2	0	1	316	1	316	2.674E-245	745
C1CIJ8	C1CPL0	0.990	316	3	0	1	316	1	316	1.799E-244	743
C1CIJ8	B2ISQ2	0.990	316	3	0	1	316	1	316	3.858E-244	742
C1CIJ8	B8ZL51	0.990	316	3	0	1	316	1	316	3.858E-244	742
C1CIJ8	B1I953	0.987	316	4	0	1	316	1	316	1.211E-243	740
C1CIJ8	P0CB58	0.990	316	3	0	1	316	1	316	1.773E-243	740
C6C9K0	C6C9K0	1.000	313	0	0	1	313	1	313	8.037E-242	735
Q24TD8	B8FT64	1.000	310	0	0	1	310	1	310	8.385E-245	743
Q24TD8	Q24TD8	1.000	310	0	0	1	310	1	310	8.385E-245	743
C0ZGB3	C0ZGB3	1.000	314	0	0	1	314	1	314	9.807E-247	749
Q48RZ0	A2RD40	1.000	316	0	0	1	316	1	316	8.393E-245	744
Q48RZ0	P0DC36	1.000	316	0	0	1	316	1	316	8.393E-245	744
Q48RZ0	P0DC37	1.000	316	0	0	1	316	1	316	8.393E-245	744
Q48RZ0	P65431	1.000	316	0	0	1	316	1	316	8.393E-245	744
Q48RZ0	P65433	1.000	316	0	0	1	316	1	316	8.393E-245	744
Q48RZ0	Q1JAG5	1.000	316	0	0	1	316	1	316	8.393E-245	744
Q48RZ0	Q1JFK8	1.000	316	0	0	1	316	1	316	8.393E-245	744
Q48RZ0	Q1JKL7	1.000	316	0	0	1	316	1	316	8.393E-245	744
Q48RZ0	Q48RZ0	1.000	316	0	0	1	316	1	316	8.393E-245	744
Q48RZ0	B5XML3	0.996	316	1	0	1	316	1	316	5.649E-244	741
Q48RZ0	Q5XAL3	0.993	316	2	0	1	316	1	316	2.596E-243	740
Q48RZ0	Q1J5F8	0.987	316	4	0	1	316	1	316	1.721E-241	734
Q48RZ0	C5WIJ4	0.958	316	13	0	1	316	1	316	3.300E-234	714
Q88N84	Q88N84	1.000	315	0	0	1	315	1	315	7.073E-242	735
Q88N84	A5W8Q8	0.996	315	1	0	1	315	1	315	1.036E-241	735
Q88N84	B0KFT4	0.990	315	3	0	1	315	1	315	1.005E-239	729
Q88N84	B1J1Y2	0.984	315	5	0	1	315	1	315	1.448E-238	726
Q88N84	Q1I5B0	0.971	315	9	0	1	315	1	315	2.021E-235	717
Q88N84	Q4K6I5	0.914	315	27	0	1	315	1	315	7.392E-222	679
Q88N84	C3KCS2	0.911	315	28	0	1	315	1	315	2.272E-220	675
B5FB43	B5FB43	1.000	316	0	0	1	316	1	316	8.640E-247	749
B5FB43	Q5E2P2	0.987	316	4	0	1	316	1	316	2.596E-243	740
B5FB43	B6ELI3	0.924	316	24	0	1	316	1	316	6.493E-229	699
Q63QI9	Q63QI9	1.000	313	0	0	1	313	1	313	7.685E-239	727
Q63QI9	A1V0S6	0.993	313	2	0	1	313	1	313	5.090E-237	721
Q63QI9	A2S5V3	0.993	313	2	0	1	313	1	313	5.090E-237	721
Q63QI9	A3MR55	0.993	313	2	0	1	313	1	313	5.090E-237	721
Q63QI9	A3NDX2	0.993	313	2	0	1	313	1	313	5.090E-237	721
Q63QI9	Q3JND0	0.993	313	2	0	1	313	1	313	5.090E-237	721
Q63QI9	Q62GR9	0.993	313	2	0	1	313	1	313	5.090E-237	721
Q63QI9	A3NZM3	0.990	313	3	0	1	313	1	313	5.011E-236	719
A3DE34	A3DE34	1.000	313	0	0	1	313	1	313	1.229E-244	743
Q9AJG9	Q9AJG9	1.000	316	0	0	1	316	1	316	3.972E-246	747
Q9AJG9	A7MWK7	0.908	316	29	0	1	316	1	316	4.130E-225	689
B1YIU3	B1YIU3	1.000	312	0	0	1	312	1	312	1.082E-244	743
P60397	P60397	1.000	304	0	0	1	304	1	304	1.627E-237	721
B0TGB2	B0TGB2	1.000	313	0	0	1	313	1	313	8.037E-242	735
Q5E2P2	Q5E2P2	1.000	316	0	0	1	316	1	316	5.900E-247	750
Q5E2P2	B5FB43	0.987	316	4	0	1	316	1	316	2.596E-243	740
Q5E2P2	B6ELI3	0.914	316	27	0	1	316	1	316	4.206E-226	691
B1L164	B1L164	1.000	309	0	0	1	309	1	309	7.079E-242	734
B1L164	A7GDE2	0.987	309	4	0	1	309	1	309	1.007E-239	728
B1L164	C1FME6	0.990	309	3	0	1	309	1	309	2.160E-239	727
B1L164	A5I1T3	0.980	309	6	0	1	309	1	309	9.782E-238	723
B1L164	A7FTX8	0.980	309	6	0	1	309	1	309	9.782E-238	723
B1L164	C3KV90	0.977	309	7	0	1	309	1	309	4.496E-237	721
B1L164	B1IKR0	0.974	309	8	0	1	309	1	309	4.496E-237	721
A9BD32	A9BD32	1.000	305	0	0	1	305	1	305	1.769E-234	713
P73460	P73460	1.000	305	0	0	1	305	1	305	1.334E-241	733
Q1WT95	Q1WT95	1.000	314	0	0	1	314	1	314	9.532E-245	743
Q8E782	Q8E782	1.000	315	0	0	1	315	1	315	5.048E-245	744
Q8E782	Q3K394	0.996	315	1	0	1	315	1	315	1.067E-243	740
Q8E782	Q8E1R8	0.996	315	1	0	1	315	1	315	1.067E-243	740
B4SU42	B4SU42	1.000	313	0	0	1	313	1	313	7.919E-241	732
B4SU42	A9MQD1	0.996	313	1	0	1	313	1	313	3.639E-240	730
B4SU42	B4TJ79	0.996	313	1	0	1	313	1	313	3.639E-240	730
B4SU42	B4TXH0	0.996	313	1	0	1	313	1	313	3.639E-240	730
B4SU42	B5F7V6	0.996	313	1	0	1	313	1	313	3.639E-240	730
B4SU42	B5FI64	0.996	313	1	0	1	313	1	313	3.639E-240	730
B4SU42	B5R2L6	0.996	313	1	0	1	313	1	313	3.639E-240	730
B4SU42	B5RH56	0.996	313	1	0	1	313	1	313	3.639E-240	730
B4SU42	C0Q5H8	0.996	313	1	0	1	313	1	313	3.639E-240	730
B4SU42	Q8ZRU8	0.996	313	1	0	1	313	1	313	3.639E-240	730
B4SU42	A9MZL1	0.993	313	2	0	1	313	1	313	5.329E-240	730
B4SU42	B5BLG4	0.996	313	1	0	1	313	1	313	5.329E-240	730
B4SU42	Q5PDH4	0.996	313	1	0	1	313	1	313	5.329E-240	730
B4SU42	Q8Z9H4	0.990	313	3	0	1	313	1	313	5.169E-238	724
B4SU42	Q57TD8	0.990	312	3	0	2	313	1	312	1.108E-237	723
B4SU42	A8ALL4	0.980	313	6	0	1	313	2	314	3.423E-236	719
A6TS69	A6TS69	1.000	311	0	0	1	311	1	311	4.319E-243	738
A7FTX8	A5I1T3	1.000	309	0	0	1	309	1	309	1.518E-241	733
A7FTX8	A7FTX8	1.000	309	0	0	1	309	1	309	1.518E-241	733
A7FTX8	C3KV90	0.996	309	1	0	1	309	1	309	6.979E-241	732
A7FTX8	B1IKR0	0.993	309	2	0	1	309	1	309	6.979E-241	732
A7FTX8	C1FME6	0.990	309	3	0	1	309	1	309	1.475E-239	728
A7FTX8	A7GDE2	0.980	309	6	0	1	309	1	309	3.116E-238	724
A7FTX8	B1L164	0.980	309	6	0	1	309	1	309	9.782E-238	723
Q3A2F8	Q3A2F8	1.000	314	0	0	1	314	1	314	6.139E-241	733
B3QWS9	B3QWS9	1.000	321	0	0	1	321	1	321	1.096E-245	747
Q1JFK8	A2RD40	1.000	316	0	0	1	316	1	316	8.393E-245	744
Q1JFK8	P0DC36	1.000	316	0	0	1	316	1	316	8.393E-245	744
Q1JFK8	P0DC37	1.000	316	0	0	1	316	1	316	8.393E-245	744
Q1JFK8	P65431	1.000	316	0	0	1	316	1	316	8.393E-245	744
Q1JFK8	P65433	1.000	316	0	0	1	316	1	316	8.393E-245	744
Q1JFK8	Q1JAG5	1.000	316	0	0	1	316	1	316	8.393E-245	744
Q1JFK8	Q1JFK8	1.000	316	0	0	1	316	1	316	8.393E-245	744
Q1JFK8	Q1JKL7	1.000	316	0	0	1	316	1	316	8.393E-245	744
Q1JFK8	Q48RZ0	1.000	316	0	0	1	316	1	316	8.393E-245	744
Q1JFK8	B5XML3	0.996	316	1	0	1	316	1	316	5.649E-244	741
Q1JFK8	Q5XAL3	0.993	316	2	0	1	316	1	316	2.596E-243	740
Q1JFK8	Q1J5F8	0.987	316	4	0	1	316	1	316	1.721E-241	734
Q1JFK8	C5WIJ4	0.958	316	13	0	1	316	1	316	3.300E-234	714
Q88V76	Q88V76	1.000	319	0	0	1	319	1	319	4.088E-248	753
Q8DEK2	Q7MNV9	1.000	316	0	0	1	316	1	316	2.713E-246	748
Q8DEK2	Q8DEK2	1.000	316	0	0	1	316	1	316	2.713E-246	748
Q8DEK2	Q9AJH1	0.927	316	23	0	1	316	1	316	2.035E-228	698
Q8DEK2	A7MWK7	0.920	316	25	0	1	316	1	316	2.926E-227	695
Q8DVM7	Q8DVM7	1.000	316	0	0	1	316	1	316	8.640E-247	749
C5D8L5	C5D8L5	1.000	310	0	0	1	310	1	310	5.726E-245	743
Q3K736	Q3K736	1.000	315	0	0	1	315	1	315	2.253E-242	737
Q3K736	Q4K6I5	0.920	315	25	0	1	315	1	315	1.643E-223	684
Q182Z2	Q182Z2	1.000	311	0	0	1	311	1	311	4.504E-246	746
Q81WC3	A0RHT9	1.000	310	0	0	1	310	1	310	3.803E-243	738
Q81WC3	B7JK06	1.000	310	0	0	1	310	1	310	3.803E-243	738
Q81WC3	C1EPT2	1.000	310	0	0	1	310	1	310	3.803E-243	738
Q81WC3	C3L6F3	1.000	310	0	0	1	310	1	310	3.803E-243	738
Q81WC3	C3P688	1.000	310	0	0	1	310	1	310	3.803E-243	738
Q81WC3	Q636A8	1.000	310	0	0	1	310	1	310	3.803E-243	738
Q81WC3	Q81WC3	1.000	310	0	0	1	310	1	310	3.803E-243	738
Q81WC3	B9IVZ5	0.996	310	1	0	1	310	1	310	5.490E-242	735
Q81WC3	P62468	0.996	310	1	0	1	310	1	310	5.490E-242	735
Q81WC3	Q6HEP6	0.996	310	1	0	1	310	1	310	8.040E-242	734
Q81WC3	B7HM39	0.993	310	2	0	1	310	1	310	1.724E-241	733
Q81WC3	B7IVF3	0.987	310	4	0	1	310	1	310	7.925E-241	732
Q81WC3	Q819P8	0.987	310	4	0	1	310	1	310	7.925E-241	732
Q81WC3	B7H6Q4	0.983	310	5	0	1	310	1	310	5.334E-240	729
Q81WC3	A9VU80	0.970	310	9	0	1	310	1	310	1.094E-236	720
Q81WC3	A7GRP4	0.945	310	17	0	1	310	1	310	2.203E-232	708
A0AKE1	A0AKE1	1.000	312	0	0	1	312	1	312	7.286E-244	740
A0AKE1	C1KWZ4	0.987	312	4	0	1	312	1	312	2.190E-240	731
A0AKE1	Q71XX2	0.983	312	5	0	1	312	1	312	4.625E-239	727
A0AKE1	B8DH88	0.980	312	6	0	1	312	1	312	3.112E-238	725
A0AKE1	Q929X6	0.974	312	8	0	1	312	1	312	4.556E-238	724
A0AKE1	Q8Y5L7	0.977	312	7	0	1	312	1	312	6.670E-238	724
Q0TP92	Q0SRV9	1.000	310	0	0	1	310	1	310	3.749E-242	735
Q0TP92	Q0TP92	1.000	310	0	0	1	310	1	310	3.749E-242	735
Q0TP92	Q8XJ96	0.996	310	1	0	1	310	1	310	7.925E-241	732
Q5LY91	Q03J09	1.000	316	0	0	1	316	1	316	2.635E-244	742
Q5LY91	Q5LY91	1.000	316	0	0	1	316	1	316	2.635E-244	742
Q5LY91	Q5M2U6	0.993	316	2	0	1	316	1	316	8.148E-243	738
Q7VE18	Q7VE18	1.000	305	0	0	1	305	1	305	2.629E-235	715
B8DH88	B8DH88	1.000	312	0	0	1	312	1	312	2.288E-243	739
B8DH88	Q8Y5L7	0.996	312	1	0	1	312	1	312	4.905E-243	738
B8DH88	Q71XX2	0.996	312	1	0	1	312	1	312	2.255E-242	736
B8DH88	C1KWZ4	0.993	312	2	0	1	312	1	312	1.518E-241	734
B8DH88	A0AKE1	0.980	312	6	0	1	312	1	312	3.112E-238	725
B8DH88	Q929X6	0.974	312	8	0	1	312	1	312	9.617E-237	721
A2RD40	A2RD40	1.000	316	0	0	1	316	1	316	8.393E-245	744
A2RD40	P0DC36	1.000	316	0	0	1	316	1	316	8.393E-245	744
A2RD40	P0DC37	1.000	316	0	0	1	316	1	316	8.393E-245	744
A2RD40	P65431	1.000	316	0	0	1	316	1	316	8.393E-245	744
A2RD40	P65433	1.000	316	0	0	1	316	1	316	8.393E-245	744
A2RD40	Q1JAG5	1.000	316	0	0	1	316	1	316	8.393E-245	744
A2RD40	Q1JFK8	1.000	316	0	0	1	316	1	316	8.393E-245	744
A2RD40	Q1JKL7	1.000	316	0	0	1	316	1	316	8.393E-245	744
A2RD40	Q48RZ0	1.000	316	0	0	1	316	1	316	8.393E-245	744
A2RD40	B5XML3	0.996	316	1	0	1	316	1	316	5.649E-244	741
A2RD40	Q5XAL3	0.993	316	2	0	1	316	1	316	2.596E-243	740
A2RD40	Q1J5F8	0.987	316	4	0	1	316	1	316	1.721E-241	734
A2RD40	C5WIJ4	0.958	316	13	0	1	316	1	316	3.300E-234	714
C1CBB2	C1CBB2	1.000	316	0	0	1	316	1	316	2.713E-246	748
C1CBB2	B5E6Z2	0.996	316	1	0	1	316	1	316	1.826E-245	746
C1CBB2	C1CIJ8	0.996	316	1	0	1	316	1	316	1.826E-245	746
C1CBB2	B2ISQ2	0.993	316	2	0	1	316	1	316	5.732E-245	744
C1CBB2	B8ZL51	0.993	316	2	0	1	316	1	316	5.732E-245	744
C1CBB2	P0CB58	0.993	316	2	0	1	316	1	316	2.635E-244	742
C1CBB2	C1CCA8	0.990	316	3	0	1	316	1	316	3.858E-244	742
C1CBB2	P59658	0.990	316	3	0	1	316	1	316	3.858E-244	742
C1CBB2	Q04MC7	0.990	316	3	0	1	316	1	316	3.858E-244	742
C1CBB2	C1CPL0	0.987	316	4	0	1	316	1	316	2.596E-243	740
C1CBB2	B1I953	0.984	316	5	0	1	316	1	316	1.747E-242	737
C1FME6	C1FME6	1.000	309	0	0	1	309	1	309	3.255E-241	733
C1FME6	A7GDE2	0.990	309	3	0	1	309	1	309	6.879E-240	729
C1FME6	A5I1T3	0.990	309	3	0	1	309	1	309	1.475E-239	728
C1FME6	A7FTX8	0.990	309	3	0	1	309	1	309	1.475E-239	728
C1FME6	B1L164	0.990	309	3	0	1	309	1	309	2.160E-239	727
C1FME6	C3KV90	0.987	309	4	0	1	309	1	309	6.780E-239	726
C1FME6	B1IKR0	0.983	309	5	0	1	309	1	309	6.780E-239	726
B2HGS5	B2HGS5	1.000	395	0	0	1	395	1	395	5.124E-307	930
B2HGS5	A0PTJ6	0.982	395	7	0	1	395	1	395	4.811E-303	919
B4U4K4	B4U4K4	1.000	316	0	0	1	316	1	316	2.674E-245	745
B4U4K4	C0MGV8	0.996	316	1	0	1	316	1	316	1.229E-244	743
B4U4K4	C0M7A8	0.996	316	1	0	1	316	1	316	1.229E-244	743
B4TXH0	B4TJ79	1.000	313	0	0	1	313	1	313	5.409E-241	733
B4TXH0	B4TXH0	1.000	313	0	0	1	313	1	313	5.409E-241	733
B4TXH0	B5F7V6	1.000	313	0	0	1	313	1	313	5.409E-241	733
B4TXH0	B5FI64	1.000	313	0	0	1	313	1	313	5.409E-241	733
B4TXH0	B5R2L6	1.000	313	0	0	1	313	1	313	5.409E-241	733
B4TXH0	B5RH56	1.000	313	0	0	1	313	1	313	5.409E-241	733
B4TXH0	C0Q5H8	1.000	313	0	0	1	313	1	313	5.409E-241	733
B4TXH0	Q8ZRU8	1.000	313	0	0	1	313	1	313	5.409E-241	733
B4TXH0	A9MZL1	0.996	313	1	0	1	313	1	313	7.919E-241	732
B4TXH0	B4SU42	0.996	313	1	0	1	313	1	313	3.639E-240	730
B4TXH0	A9MQD1	0.993	313	2	0	1	313	1	313	1.672E-239	728
B4TXH0	B5BLG4	0.993	313	2	0	1	313	1	313	2.449E-239	728
B4TXH0	Q5PDH4	0.993	313	2	0	1	313	1	313	2.449E-239	728
B4TXH0	Q8Z9H4	0.993	313	2	0	1	313	1	313	7.685E-239	727
B4TXH0	Q57TD8	0.993	312	2	0	2	313	1	312	1.647E-238	726
B4TXH0	A8ALL4	0.977	313	7	0	1	313	2	314	1.572E-235	717
C6CJW6	C6CJW6	1.000	313	0	0	1	313	1	313	1.749E-242	737
A7MWK7	A7MWK7	1.000	316	0	0	1	316	1	316	8.640E-247	749
A7MWK7	Q9AJH1	0.946	316	17	0	1	316	1	316	3.246E-233	711
A7MWK7	Q7MNV9	0.920	316	25	0	1	316	1	316	2.926E-227	695
A7MWK7	Q8DEK2	0.920	316	25	0	1	316	1	316	2.926E-227	695
A7MWK7	Q9AJG9	0.908	316	29	0	1	316	1	316	4.130E-225	689
A7GDE2	A7GDE2	1.000	309	0	0	1	309	1	309	1.518E-241	733
A7GDE2	C1FME6	0.990	309	3	0	1	309	1	309	6.879E-240	729
A7GDE2	B1L164	0.987	309	4	0	1	309	1	309	1.007E-239	728
A7GDE2	B1IKR0	0.987	309	4	0	1	309	1	309	6.780E-239	726
A7GDE2	A5I1T3	0.980	309	6	0	1	309	1	309	3.116E-238	724
A7GDE2	A7FTX8	0.980	309	6	0	1	309	1	309	3.116E-238	724
A7GDE2	C3KV90	0.977	309	7	0	1	309	1	309	1.432E-237	722
B5E6Z2	B5E6Z2	1.000	316	0	0	1	316	1	316	1.265E-246	749
B5E6Z2	C1CIJ8	1.000	316	0	0	1	316	1	316	1.265E-246	749
B5E6Z2	C1CBB2	0.996	316	1	0	1	316	1	316	1.826E-245	746
B5E6Z2	C1CCA8	0.993	316	2	0	1	316	1	316	2.674E-245	745
B5E6Z2	P59658	0.993	316	2	0	1	316	1	316	2.674E-245	745
B5E6Z2	Q04MC7	0.993	316	2	0	1	316	1	316	2.674E-245	745
B5E6Z2	C1CPL0	0.990	316	3	0	1	316	1	316	1.799E-244	743
B5E6Z2	B2ISQ2	0.990	316	3	0	1	316	1	316	3.858E-244	742
B5E6Z2	B8ZL51	0.990	316	3	0	1	316	1	316	3.858E-244	742
B5E6Z2	B1I953	0.987	316	4	0	1	316	1	316	1.211E-243	740
B5E6Z2	P0CB58	0.990	316	3	0	1	316	1	316	1.773E-243	740
A1V0S6	A1V0S6	1.000	313	0	0	1	313	1	313	1.125E-238	726
A1V0S6	A2S5V3	1.000	313	0	0	1	313	1	313	1.125E-238	726
A1V0S6	A3MR55	1.000	313	0	0	1	313	1	313	1.125E-238	726
A1V0S6	A3NDX2	1.000	313	0	0	1	313	1	313	1.125E-238	726
A1V0S6	Q3JND0	1.000	313	0	0	1	313	1	313	1.125E-238	726
A1V0S6	Q62GR9	1.000	313	0	0	1	313	1	313	1.125E-238	726
A1V0S6	A3NZM3	0.996	313	1	0	1	313	1	313	1.108E-237	723
A1V0S6	Q63QI9	0.993	313	2	0	1	313	1	313	5.090E-237	721
C6GW75	A4VX71	1.000	316	0	0	1	316	1	316	4.029E-247	750
C6GW75	A4W3H4	1.000	316	0	0	1	316	1	316	4.029E-247	750
C6GW75	C5VZR6	1.000	316	0	0	1	316	1	316	4.029E-247	750
C6GW75	C6GPU1	1.000	316	0	0	1	316	1	316	4.029E-247	750
C6GW75	C6GW75	1.000	316	0	0	1	316	1	316	4.029E-247	750
P0DC37	A2RD40	1.000	316	0	0	1	316	1	316	8.393E-245	744
P0DC37	P0DC36	1.000	316	0	0	1	316	1	316	8.393E-245	744
P0DC37	P0DC37	1.000	316	0	0	1	316	1	316	8.393E-245	744
P0DC37	P65431	1.000	316	0	0	1	316	1	316	8.393E-245	744
P0DC37	P65433	1.000	316	0	0	1	316	1	316	8.393E-245	744
P0DC37	Q1JAG5	1.000	316	0	0	1	316	1	316	8.393E-245	744
P0DC37	Q1JFK8	1.000	316	0	0	1	316	1	316	8.393E-245	744
P0DC37	Q1JKL7	1.000	316	0	0	1	316	1	316	8.393E-245	744
P0DC37	Q48RZ0	1.000	316	0	0	1	316	1	316	8.393E-245	744
P0DC37	B5XML3	0.996	316	1	0	1	316	1	316	5.649E-244	741
P0DC37	Q5XAL3	0.993	316	2	0	1	316	1	316	2.596E-243	740
P0DC37	Q1J5F8	0.987	316	4	0	1	316	1	316	1.721E-241	734
P0DC37	C5WIJ4	0.958	316	13	0	1	316	1	316	3.300E-234	714
Q31PL4	Q31PL4	1.000	296	0	0	1	296	1	296	3.636E-231	702
Q31PL4	Q5N4L0	1.000	296	0	0	1	296	1	296	3.636E-231	702
B9DV78	B9DV78	1.000	316	0	0	1	316	1	316	1.826E-245	746
C3KV90	C3KV90	1.000	309	0	0	1	309	1	309	1.518E-241	733
C3KV90	A5I1T3	0.996	309	1	0	1	309	1	309	6.979E-241	732
C3KV90	A7FTX8	0.996	309	1	0	1	309	1	309	6.979E-241	732
C3KV90	B1IKR0	0.990	309	3	0	1	309	1	309	3.208E-240	730
C3KV90	C1FME6	0.987	309	4	0	1	309	1	309	6.780E-239	726
C3KV90	A7GDE2	0.977	309	7	0	1	309	1	309	1.432E-237	722
C3KV90	B1L164	0.977	309	7	0	1	309	1	309	4.496E-237	721
C5B9E8	C5B9E8	1.000	313	0	0	1	313	1	313	3.639E-240	730
A0PTJ6	A0PTJ6	1.000	395	0	0	1	395	1	395	7.617E-308	932
A0PTJ6	B2HGS5	0.982	395	7	0	1	395	1	395	4.811E-303	919
A1AU69	A1AU69	1.000	313	0	0	1	313	1	313	3.970E-246	747
Q1GAU0	Q04B77	1.000	314	0	0	1	314	1	314	6.324E-243	738
Q1GAU0	Q1GAU0	1.000	314	0	0	1	314	1	314	6.324E-243	738
Q5PDH4	B5BLG4	1.000	313	0	0	1	313	1	313	1.698E-240	731
Q5PDH4	Q5PDH4	1.000	313	0	0	1	313	1	313	1.698E-240	731
Q5PDH4	B4SU42	0.996	313	1	0	1	313	1	313	5.329E-240	730
Q5PDH4	A9MQD1	0.993	313	2	0	1	313	1	313	2.449E-239	728
Q5PDH4	B4TJ79	0.993	313	2	0	1	313	1	313	2.449E-239	728
Q5PDH4	B4TXH0	0.993	313	2	0	1	313	1	313	2.449E-239	728
Q5PDH4	B5F7V6	0.993	313	2	0	1	313	1	313	2.449E-239	728
Q5PDH4	B5FI64	0.993	313	2	0	1	313	1	313	2.449E-239	728
Q5PDH4	B5R2L6	0.993	313	2	0	1	313	1	313	2.449E-239	728
Q5PDH4	B5RH56	0.993	313	2	0	1	313	1	313	2.449E-239	728
Q5PDH4	C0Q5H8	0.993	313	2	0	1	313	1	313	2.449E-239	728
Q5PDH4	Q8ZRU8	0.993	313	2	0	1	313	1	313	2.449E-239	728
Q5PDH4	A9MZL1	0.990	313	3	0	1	313	1	313	3.585E-239	727
Q5PDH4	Q8Z9H4	0.987	313	4	0	1	313	1	313	3.477E-237	722
Q5PDH4	Q57TD8	0.987	312	4	0	2	313	1	312	7.452E-237	721
Q5PDH4	A8ALL4	0.977	313	7	0	1	313	2	314	2.302E-235	717
Q71XX2	Q71XX2	1.000	312	0	0	1	312	1	312	3.350E-243	739
Q71XX2	B8DH88	0.996	312	1	0	1	312	1	312	2.255E-242	736
Q71XX2	C1KWZ4	0.996	312	1	0	1	312	1	312	2.255E-242	736
Q71XX2	Q8Y5L7	0.993	312	2	0	1	312	1	312	4.835E-242	735
Q71XX2	A0AKE1	0.983	312	5	0	1	312	1	312	4.625E-239	727
Q71XX2	Q929X6	0.974	312	8	0	1	312	1	312	2.061E-236	720
Q9KPF9	C3LQV4	1.000	316	0	0	1	316	1	316	1.247E-245	746
Q9KPF9	Q9KPF9	1.000	316	0	0	1	316	1	316	1.247E-245	746
O07665	O07665	1.000	319	0	0	1	319	1	319	1.302E-248	755
Q1J5F8	Q1J5F8	1.000	316	0	0	1	316	1	316	1.799E-244	743
Q1J5F8	A2RD40	0.987	316	4	0	1	316	1	316	1.721E-241	734
Q1J5F8	P0DC36	0.987	316	4	0	1	316	1	316	1.721E-241	734
Q1J5F8	P0DC37	0.987	316	4	0	1	316	1	316	1.721E-241	734
Q1J5F8	P65431	0.987	316	4	0	1	316	1	316	1.721E-241	734
Q1J5F8	P65433	0.987	316	4	0	1	316	1	316	1.721E-241	734
Q1J5F8	Q1JAG5	0.987	316	4	0	1	316	1	316	1.721E-241	734
Q1J5F8	Q1JFK8	0.987	316	4	0	1	316	1	316	1.721E-241	734
Q1J5F8	Q1JKL7	0.987	316	4	0	1	316	1	316	1.721E-241	734
Q1J5F8	Q48RZ0	0.987	316	4	0	1	316	1	316	1.721E-241	734
Q1J5F8	B5XML3	0.984	316	5	0	1	316	1	316	1.157E-240	732
Q1J5F8	Q5XAL3	0.981	316	6	0	1	316	1	316	5.317E-240	730
Q1J5F8	C5WIJ4	0.971	316	9	0	1	316	1	316	3.465E-237	722
Q5N4L0	Q31PL4	1.000	296	0	0	1	296	1	296	3.636E-231	702
Q5N4L0	Q5N4L0	1.000	296	0	0	1	296	1	296	3.636E-231	702
Q894B4	Q894B4	1.000	310	0	0	1	310	1	310	1.177E-241	734
Q03EX7	Q03EX7	1.000	314	0	0	1	314	1	314	1.416E-245	746
P59658	C1CCA8	1.000	316	0	0	1	316	1	316	1.852E-246	748
P59658	P59658	1.000	316	0	0	1	316	1	316	1.852E-246	748
P59658	Q04MC7	1.000	316	0	0	1	316	1	316	1.852E-246	748
P59658	B5E6Z2	0.993	316	2	0	1	316	1	316	2.674E-245	745
P59658	C1CIJ8	0.993	316	2	0	1	316	1	316	2.674E-245	745
P59658	C1CBB2	0.990	316	3	0	1	316	1	316	3.858E-244	742
P59658	B2ISQ2	0.990	316	3	0	1	316	1	316	3.858E-244	742
P59658	B8ZL51	0.990	316	3	0	1	316	1	316	3.858E-244	742
P59658	P0CB58	0.990	316	3	0	1	316	1	316	1.773E-243	740
P59658	C1CPL0	0.984	316	5	0	1	316	1	316	3.801E-243	739
P59658	B1I953	0.981	316	6	0	1	316	1	316	2.557E-242	737
Q9AJH1	Q9AJH1	1.000	316	0	0	1	316	1	316	1.265E-246	749
Q9AJH1	A7MWK7	0.946	316	17	0	1	316	1	316	3.246E-233	711
Q9AJH1	Q7MNV9	0.927	316	23	0	1	316	1	316	2.035E-228	698
Q9AJH1	Q8DEK2	0.927	316	23	0	1	316	1	316	2.035E-228	698
Q04MC7	C1CCA8	1.000	316	0	0	1	316	1	316	1.852E-246	748
Q04MC7	P59658	1.000	316	0	0	1	316	1	316	1.852E-246	748
Q04MC7	Q04MC7	1.000	316	0	0	1	316	1	316	1.852E-246	748
Q04MC7	B5E6Z2	0.993	316	2	0	1	316	1	316	2.674E-245	745
Q04MC7	C1CIJ8	0.993	316	2	0	1	316	1	316	2.674E-245	745
Q04MC7	C1CBB2	0.990	316	3	0	1	316	1	316	3.858E-244	742
Q04MC7	B2ISQ2	0.990	316	3	0	1	316	1	316	3.858E-244	742
Q04MC7	B8ZL51	0.990	316	3	0	1	316	1	316	3.858E-244	742
Q04MC7	P0CB58	0.990	316	3	0	1	316	1	316	1.773E-243	740
Q04MC7	C1CPL0	0.984	316	5	0	1	316	1	316	3.801E-243	739
Q04MC7	B1I953	0.981	316	6	0	1	316	1	316	2.557E-242	737
B5BLG4	B5BLG4	1.000	313	0	0	1	313	1	313	1.698E-240	731
B5BLG4	Q5PDH4	1.000	313	0	0	1	313	1	313	1.698E-240	731
B5BLG4	B4SU42	0.996	313	1	0	1	313	1	313	5.329E-240	730
B5BLG4	A9MQD1	0.993	313	2	0	1	313	1	313	2.449E-239	728
B5BLG4	B4TJ79	0.993	313	2	0	1	313	1	313	2.449E-239	728
B5BLG4	B4TXH0	0.993	313	2	0	1	313	1	313	2.449E-239	728
B5BLG4	B5F7V6	0.993	313	2	0	1	313	1	313	2.449E-239	728
B5BLG4	B5FI64	0.993	313	2	0	1	313	1	313	2.449E-239	728
B5BLG4	B5R2L6	0.993	313	2	0	1	313	1	313	2.449E-239	728
B5BLG4	B5RH56	0.993	313	2	0	1	313	1	313	2.449E-239	728
B5BLG4	C0Q5H8	0.993	313	2	0	1	313	1	313	2.449E-239	728
B5BLG4	Q8ZRU8	0.993	313	2	0	1	313	1	313	2.449E-239	728
B5BLG4	A9MZL1	0.990	313	3	0	1	313	1	313	3.585E-239	727
B5BLG4	Q8Z9H4	0.987	313	4	0	1	313	1	313	3.477E-237	722
B5BLG4	Q57TD8	0.987	312	4	0	2	313	1	312	7.452E-237	721
B5BLG4	A8ALL4	0.977	313	7	0	1	313	2	314	2.302E-235	717
B8CM48	B8CM48	1.000	318	0	0	1	318	1	318	2.388E-246	748
B8CM48	B0TQM9	0.952	314	15	0	1	314	1	314	2.847E-233	712
B8CM48	A8H992	0.936	314	20	0	1	314	1	314	1.240E-229	702
A9VU80	A9VU80	1.000	310	0	0	1	310	1	310	2.597E-243	739
A9VU80	B7IVF3	0.970	310	9	0	1	310	1	310	3.485E-237	721
A9VU80	Q819P8	0.970	310	9	0	1	310	1	310	3.485E-237	721
A9VU80	A0RHT9	0.970	310	9	0	1	310	1	310	1.094E-236	720
A9VU80	B7JK06	0.970	310	9	0	1	310	1	310	1.094E-236	720
A9VU80	C1EPT2	0.970	310	9	0	1	310	1	310	1.094E-236	720
A9VU80	C3L6F3	0.970	310	9	0	1	310	1	310	1.094E-236	720
A9VU80	C3P688	0.970	310	9	0	1	310	1	310	1.094E-236	720
A9VU80	Q636A8	0.970	310	9	0	1	310	1	310	1.094E-236	720
A9VU80	Q81WC3	0.970	310	9	0	1	310	1	310	1.094E-236	720
A9VU80	B9IVZ5	0.970	310	9	0	1	310	1	310	1.094E-236	720
A9VU80	P62468	0.970	310	9	0	1	310	1	310	1.094E-236	720
A9VU80	B7H6Q4	0.967	310	10	0	1	310	1	310	2.344E-236	719
A9VU80	B7HM39	0.967	310	10	0	1	310	1	310	3.432E-236	719
A9VU80	Q6HEP6	0.967	310	10	0	1	310	1	310	2.309E-235	716
A9VU80	A7GRP4	0.938	310	19	0	1	310	1	310	6.911E-232	707
B3E3Z0	B3E3Z0	1.000	313	0	0	1	313	1	313	3.970E-246	747
Q8ER53	Q8ER53	1.000	325	0	0	1	325	1	325	6.908E-258	782
Q8GE08	Q8GE08	1.000	312	0	0	1	312	1	312	2.255E-242	736
B8FBS6	B8FBS6	1.000	326	0	0	1	326	1	326	1.149E-257	781
B2G6K1	A5VJ28	1.000	318	0	0	1	318	1	318	1.114E-246	749
B2G6K1	B2G6K1	1.000	318	0	0	1	318	1	318	1.114E-246	749
B7VIZ5	B7VIZ5	1.000	316	0	0	1	316	1	316	3.972E-246	747
Q1JKL7	A2RD40	1.000	316	0	0	1	316	1	316	8.393E-245	744
Q1JKL7	P0DC36	1.000	316	0	0	1	316	1	316	8.393E-245	744
Q1JKL7	P0DC37	1.000	316	0	0	1	316	1	316	8.393E-245	744
Q1JKL7	P65431	1.000	316	0	0	1	316	1	316	8.393E-245	744
Q1JKL7	P65433	1.000	316	0	0	1	316	1	316	8.393E-245	744
Q1JKL7	Q1JAG5	1.000	316	0	0	1	316	1	316	8.393E-245	744
Q1JKL7	Q1JFK8	1.000	316	0	0	1	316	1	316	8.393E-245	744
Q1JKL7	Q1JKL7	1.000	316	0	0	1	316	1	316	8.393E-245	744
Q1JKL7	Q48RZ0	1.000	316	0	0	1	316	1	316	8.393E-245	744
Q1JKL7	B5XML3	0.996	316	1	0	1	316	1	316	5.649E-244	741
Q1JKL7	Q5XAL3	0.993	316	2	0	1	316	1	316	2.596E-243	740
Q1JKL7	Q1J5F8	0.987	316	4	0	1	316	1	316	1.721E-241	734
Q1JKL7	C5WIJ4	0.958	316	13	0	1	316	1	316	3.300E-234	714
Q0SRV9	Q0SRV9	1.000	310	0	0	1	310	1	310	3.749E-242	735
Q0SRV9	Q0TP92	1.000	310	0	0	1	310	1	310	3.749E-242	735
Q0SRV9	Q8XJ96	0.996	310	1	0	1	310	1	310	7.925E-241	732
B4RWY7	B4RWY7	1.000	313	0	0	1	313	1	313	1.142E-239	729
A6LTS0	A6LTS0	1.000	310	0	0	1	310	1	310	2.597E-243	739
A7Z4D7	A7Z4D7	1.000	311	0	0	1	311	1	311	6.325E-243	738
A7Z4D7	Q07876	0.938	311	19	0	1	311	1	311	1.073E-227	695
A4IM00	A4IM00	1.000	310	0	0	1	310	1	310	2.524E-241	733
A4IM00	Q5L0Y4	0.919	309	25	0	1	309	1	309	8.844E-224	684
Q62GR9	A1V0S6	1.000	313	0	0	1	313	1	313	1.125E-238	726
Q62GR9	A2S5V3	1.000	313	0	0	1	313	1	313	1.125E-238	726
Q62GR9	A3MR55	1.000	313	0	0	1	313	1	313	1.125E-238	726
Q62GR9	A3NDX2	1.000	313	0	0	1	313	1	313	1.125E-238	726
Q62GR9	Q3JND0	1.000	313	0	0	1	313	1	313	1.125E-238	726
Q62GR9	Q62GR9	1.000	313	0	0	1	313	1	313	1.125E-238	726
Q62GR9	A3NZM3	0.996	313	1	0	1	313	1	313	1.108E-237	723
Q62GR9	Q63QI9	0.993	313	2	0	1	313	1	313	5.090E-237	721
P62468	B9IVZ5	1.000	310	0	0	1	310	1	310	3.803E-243	738
P62468	P62468	1.000	310	0	0	1	310	1	310	3.803E-243	738
P62468	B7HM39	0.996	310	1	0	1	310	1	310	1.194E-242	737
P62468	A0RHT9	0.996	310	1	0	1	310	1	310	5.490E-242	735
P62468	B7JK06	0.996	310	1	0	1	310	1	310	5.490E-242	735
P62468	C1EPT2	0.996	310	1	0	1	310	1	310	5.490E-242	735
P62468	C3L6F3	0.996	310	1	0	1	310	1	310	5.490E-242	735
P62468	C3P688	0.996	310	1	0	1	310	1	310	5.490E-242	735
P62468	Q636A8	0.996	310	1	0	1	310	1	310	5.490E-242	735
P62468	Q81WC3	0.996	310	1	0	1	310	1	310	5.490E-242	735
P62468	Q6HEP6	0.993	310	2	0	1	310	1	310	1.160E-240	731
P62468	B7IVF3	0.983	310	5	0	1	310	1	310	1.144E-239	728
P62468	Q819P8	0.983	310	5	0	1	310	1	310	1.144E-239	728
P62468	B7H6Q4	0.980	310	6	0	1	310	1	310	7.697E-239	726
P62468	A9VU80	0.970	310	9	0	1	310	1	310	1.094E-236	720
P62468	A7GRP4	0.945	310	17	0	1	310	1	310	3.225E-232	708
P0DC36	A2RD40	1.000	316	0	0	1	316	1	316	8.393E-245	744
P0DC36	P0DC36	1.000	316	0	0	1	316	1	316	8.393E-245	744
P0DC36	P0DC37	1.000	316	0	0	1	316	1	316	8.393E-245	744
P0DC36	P65431	1.000	316	0	0	1	316	1	316	8.393E-245	744
P0DC36	P65433	1.000	316	0	0	1	316	1	316	8.393E-245	744
P0DC36	Q1JAG5	1.000	316	0	0	1	316	1	316	8.393E-245	744
P0DC36	Q1JFK8	1.000	316	0	0	1	316	1	316	8.393E-245	744
P0DC36	Q1JKL7	1.000	316	0	0	1	316	1	316	8.393E-245	744
P0DC36	Q48RZ0	1.000	316	0	0	1	316	1	316	8.393E-245	744
P0DC36	B5XML3	0.996	316	1	0	1	316	1	316	5.649E-244	741
P0DC36	Q5XAL3	0.993	316	2	0	1	316	1	316	2.596E-243	740
P0DC36	Q1J5F8	0.987	316	4	0	1	316	1	316	1.721E-241	734
P0DC36	C5WIJ4	0.958	316	13	0	1	316	1	316	3.300E-234	714
A8FCX3	A8FCX3	1.000	310	0	0	1	310	1	310	3.696E-241	733
Q9K9S0	Q9K9S0	1.000	310	0	0	1	310	1	310	1.211E-243	740
B0KFT4	B0KFT4	1.000	315	0	0	1	315	1	315	4.831E-242	736
B0KFT4	A5W8Q8	0.993	315	2	0	1	315	1	315	6.861E-240	730
B0KFT4	Q88N84	0.990	315	3	0	1	315	1	315	1.005E-239	729
B0KFT4	B1J1Y2	0.987	315	4	0	1	315	1	315	1.448E-238	726
B0KFT4	Q1I5B0	0.974	315	8	0	1	315	1	315	4.332E-235	716
B0KFT4	Q4K6I5	0.920	315	25	0	1	315	1	315	7.532E-223	682
B0KFT4	C3KCS2	0.911	315	28	0	1	315	1	315	4.957E-221	677
B7HM39	B7HM39	1.000	310	0	0	1	310	1	310	3.803E-243	738
B7HM39	B9IVZ5	0.996	310	1	0	1	310	1	310	1.194E-242	737
B7HM39	P62468	0.996	310	1	0	1	310	1	310	1.194E-242	737
B7HM39	A0RHT9	0.993	310	2	0	1	310	1	310	1.724E-241	733
B7HM39	B7JK06	0.993	310	2	0	1	310	1	310	1.724E-241	733
B7HM39	C1EPT2	0.993	310	2	0	1	310	1	310	1.724E-241	733
B7HM39	C3L6F3	0.993	310	2	0	1	310	1	310	1.724E-241	733
B7HM39	C3P688	0.993	310	2	0	1	310	1	310	1.724E-241	733
B7HM39	Q636A8	0.993	310	2	0	1	310	1	310	1.724E-241	733
B7HM39	Q81WC3	0.993	310	2	0	1	310	1	310	1.724E-241	733
B7HM39	Q6HEP6	0.990	310	3	0	1	310	1	310	3.643E-240	730
B7HM39	B7IVF3	0.980	310	6	0	1	310	1	310	3.590E-239	727
B7HM39	Q819P8	0.980	310	6	0	1	310	1	310	3.590E-239	727
B7HM39	B7H6Q4	0.977	310	7	0	1	310	1	310	2.416E-238	725
B7HM39	A9VU80	0.967	310	10	0	1	310	1	310	3.432E-236	719
B7HM39	A7GRP4	0.941	310	18	0	1	310	1	310	1.012E-231	706
C0MGV8	C0MGV8	1.000	316	0	0	1	316	1	316	2.674E-245	745
C0MGV8	B4U4K4	0.996	316	1	0	1	316	1	316	1.229E-244	743
C0MGV8	C0M7A8	0.993	316	2	0	1	316	1	316	5.649E-244	741
C1KWZ4	C1KWZ4	1.000	312	0	0	1	312	1	312	1.067E-243	740
C1KWZ4	Q71XX2	0.996	312	1	0	1	312	1	312	2.255E-242	736
C1KWZ4	B8DH88	0.993	312	2	0	1	312	1	312	1.518E-241	734
C1KWZ4	Q8Y5L7	0.990	312	3	0	1	312	1	312	3.254E-241	733
C1KWZ4	A0AKE1	0.987	312	4	0	1	312	1	312	2.190E-240	731
C1KWZ4	Q929X6	0.974	312	8	0	1	312	1	312	6.569E-237	721
A7GRP4	A7GRP4	1.000	310	0	0	1	310	1	310	2.597E-243	739
A7GRP4	B7IVF3	0.945	310	17	0	1	310	1	310	7.022E-233	709
A7GRP4	Q819P8	0.945	310	17	0	1	310	1	310	7.022E-233	709
A7GRP4	A0RHT9	0.945	310	17	0	1	310	1	310	2.203E-232	708
A7GRP4	B7JK06	0.945	310	17	0	1	310	1	310	2.203E-232	708
A7GRP4	C1EPT2	0.945	310	17	0	1	310	1	310	2.203E-232	708
A7GRP4	C3L6F3	0.945	310	17	0	1	310	1	310	2.203E-232	708
A7GRP4	C3P688	0.945	310	17	0	1	310	1	310	2.203E-232	708
A7GRP4	Q636A8	0.945	310	17	0	1	310	1	310	2.203E-232	708
A7GRP4	Q81WC3	0.945	310	17	0	1	310	1	310	2.203E-232	708
A7GRP4	B9IVZ5	0.945	310	17	0	1	310	1	310	3.225E-232	708
A7GRP4	P62468	0.945	310	17	0	1	310	1	310	3.225E-232	708
A7GRP4	B7H6Q4	0.941	310	18	0	1	310	1	310	4.721E-232	707
A7GRP4	A9VU80	0.938	310	19	0	1	310	1	310	6.911E-232	707
A7GRP4	B7HM39	0.941	310	18	0	1	310	1	310	1.012E-231	706
A7GRP4	Q6HEP6	0.941	310	18	0	1	310	1	310	4.646E-231	704
B5EBP3	B5EBP3	1.000	312	0	0	1	312	1	312	7.079E-242	735
B5EBP3	C6DZJ8	0.964	312	11	0	1	312	1	312	1.386E-235	717
C0Q5H8	B4TJ79	1.000	313	0	0	1	313	1	313	5.409E-241	733
C0Q5H8	B4TXH0	1.000	313	0	0	1	313	1	313	5.409E-241	733
C0Q5H8	B5F7V6	1.000	313	0	0	1	313	1	313	5.409E-241	733
C0Q5H8	B5FI64	1.000	313	0	0	1	313	1	313	5.409E-241	733
C0Q5H8	B5R2L6	1.000	313	0	0	1	313	1	313	5.409E-241	733
C0Q5H8	B5RH56	1.000	313	0	0	1	313	1	313	5.409E-241	733
C0Q5H8	C0Q5H8	1.000	313	0	0	1	313	1	313	5.409E-241	733
C0Q5H8	Q8ZRU8	1.000	313	0	0	1	313	1	313	5.409E-241	733
C0Q5H8	A9MZL1	0.996	313	1	0	1	313	1	313	7.919E-241	732
C0Q5H8	B4SU42	0.996	313	1	0	1	313	1	313	3.639E-240	730
C0Q5H8	A9MQD1	0.993	313	2	0	1	313	1	313	1.672E-239	728
C0Q5H8	B5BLG4	0.993	313	2	0	1	313	1	313	2.449E-239	728
C0Q5H8	Q5PDH4	0.993	313	2	0	1	313	1	313	2.449E-239	728
C0Q5H8	Q8Z9H4	0.993	313	2	0	1	313	1	313	7.685E-239	727
C0Q5H8	Q57TD8	0.993	312	2	0	2	313	1	312	1.647E-238	726
C0Q5H8	A8ALL4	0.977	313	7	0	1	313	2	314	1.572E-235	717
A3CPZ9	A3CPZ9	1.000	316	0	0	1	316	1	316	3.915E-245	745
B1MXV5	B1MXV5	1.000	313	0	0	1	313	1	313	1.800E-244	742
B9M164	B9M164	1.000	312	0	0	1	312	1	312	6.874E-240	729
B5R2L6	B4TJ79	1.000	313	0	0	1	313	1	313	5.409E-241	733
B5R2L6	B4TXH0	1.000	313	0	0	1	313	1	313	5.409E-241	733
B5R2L6	B5F7V6	1.000	313	0	0	1	313	1	313	5.409E-241	733
B5R2L6	B5FI64	1.000	313	0	0	1	313	1	313	5.409E-241	733
B5R2L6	B5R2L6	1.000	313	0	0	1	313	1	313	5.409E-241	733
B5R2L6	B5RH56	1.000	313	0	0	1	313	1	313	5.409E-241	733
B5R2L6	C0Q5H8	1.000	313	0	0	1	313	1	313	5.409E-241	733
B5R2L6	Q8ZRU8	1.000	313	0	0	1	313	1	313	5.409E-241	733
B5R2L6	A9MZL1	0.996	313	1	0	1	313	1	313	7.919E-241	732
B5R2L6	B4SU42	0.996	313	1	0	1	313	1	313	3.639E-240	730
B5R2L6	A9MQD1	0.993	313	2	0	1	313	1	313	1.672E-239	728
B5R2L6	B5BLG4	0.993	313	2	0	1	313	1	313	2.449E-239	728
B5R2L6	Q5PDH4	0.993	313	2	0	1	313	1	313	2.449E-239	728
B5R2L6	Q8Z9H4	0.993	313	2	0	1	313	1	313	7.685E-239	727
B5R2L6	Q57TD8	0.993	312	2	0	2	313	1	312	1.647E-238	726
B5R2L6	A8ALL4	0.977	313	7	0	1	313	2	314	1.572E-235	717
Q38XN3	Q38XN3	1.000	318	0	0	1	318	1	318	2.353E-245	746
B8G5X3	B8G5X3	1.000	301	0	0	1	301	1	301	1.427E-228	696
B1I953	B1I953	1.000	316	0	0	1	316	1	316	8.640E-247	749
B1I953	C1CPL0	0.990	316	3	0	1	316	1	316	8.393E-245	744
B1I953	B5E6Z2	0.987	316	4	0	1	316	1	316	1.211E-243	740
B1I953	C1CIJ8	0.987	316	4	0	1	316	1	316	1.211E-243	740
B1I953	C1CBB2	0.984	316	5	0	1	316	1	316	1.747E-242	737
B1I953	C1CCA8	0.981	316	6	0	1	316	1	316	2.557E-242	737
B1I953	P59658	0.981	316	6	0	1	316	1	316	2.557E-242	737
B1I953	Q04MC7	0.981	316	6	0	1	316	1	316	2.557E-242	737
B1I953	B2ISQ2	0.977	316	7	0	1	316	1	316	3.688E-241	733
B1I953	B8ZL51	0.977	316	7	0	1	316	1	316	3.688E-241	733
B1I953	P0CB58	0.977	316	7	0	1	316	1	316	1.694E-240	732
C3P688	A0RHT9	1.000	310	0	0	1	310	1	310	3.803E-243	738
C3P688	B7JK06	1.000	310	0	0	1	310	1	310	3.803E-243	738
C3P688	C1EPT2	1.000	310	0	0	1	310	1	310	3.803E-243	738
C3P688	C3L6F3	1.000	310	0	0	1	310	1	310	3.803E-243	738
C3P688	C3P688	1.000	310	0	0	1	310	1	310	3.803E-243	738
C3P688	Q636A8	1.000	310	0	0	1	310	1	310	3.803E-243	738
C3P688	Q81WC3	1.000	310	0	0	1	310	1	310	3.803E-243	738
C3P688	B9IVZ5	0.996	310	1	0	1	310	1	310	5.490E-242	735
C3P688	P62468	0.996	310	1	0	1	310	1	310	5.490E-242	735
C3P688	Q6HEP6	0.996	310	1	0	1	310	1	310	8.040E-242	734
C3P688	B7HM39	0.993	310	2	0	1	310	1	310	1.724E-241	733
C3P688	B7IVF3	0.987	310	4	0	1	310	1	310	7.925E-241	732
C3P688	Q819P8	0.987	310	4	0	1	310	1	310	7.925E-241	732
C3P688	B7H6Q4	0.983	310	5	0	1	310	1	310	5.334E-240	729
C3P688	A9VU80	0.970	310	9	0	1	310	1	310	1.094E-236	720
C3P688	A7GRP4	0.945	310	17	0	1	310	1	310	2.203E-232	708
